Path_way_name	Normal_5_P2	Normal_6_P	Normal_9_P	Normal_10_P	Normal_11_P	Normal_12_P2	Normal_13_P	Normal_14_P	Normal_15_P2	Normal_16_P2	MM7_P	MM8_P	MM9_P	MM12_P	MM13_P	MM15_P	MM20_P	MM21_P	MM22_P	HL1_P	HL2_P	HL3_P	HL4_P	HL5_P	HL6_P	HL7_P	HL8_P
AHR_Pathway	-2.040471	-2.920055	-2.139212	-3.903568	-2.920055	11.515191	-2.920055	-3.974752	8.657644	0.645333	-1.300991	-1.580987	-1.166718	0.741817	-2.920055	-0.970726	4.703016	-1.465770	8.582923	5.715432	-2.920055	-2.104955	-2.920055	13.845232	-3.610848	2.166002	2.080916
AHR_Pathway_AHR_Degradation	-1.546914	-2.426499	-1.645655	-2.426499	-2.426499	9.225558	-2.426499	-0.735208	5.372416	-0.964203	-2.426499	-2.426499	-1.843406	-1.505509	-2.426499	-1.987830	2.337921	-2.426499	5.565826	0.930370	-2.426499	-0.796298	-2.426499	10.126814	-2.426499	1.124221	0.055693
AHR_Pathway_C_Myc_Expression	-2.718838	-2.718838	-2.718838	-2.718838	-2.718838	13.980303	-2.718838	-2.718838	7.770402	-2.718838	-2.718838	-2.718838	-2.718838	-1.525945	-2.718838	-2.192436	2.998465	-2.718838	8.634431	2.043884	-2.718838	-2.718838	-2.718838	15.190862	-2.718838	2.052107	1.004450
AHR_Pathway_Cath_D_Expression	0.585521	0.585521	0.585521	-3.348531	0.585521	6.151901	0.585521	-10.398428	4.081934	0.585521	0.585521	-3.475052	-0.810183	0.330366	0.585521	0.760988	2.491288	0.585521	-0.698284	-0.030156	0.585521	-2.674880	0.585521	6.555421	-2.177650	2.175836	1.826617
AHR_Pathway_PS2_Gene_Expression	0.000000	0.000000	0.000000	0.000000	0.000000	0.000000	0.000000	0.000000	0.000000	0.000000	0.000000	0.000000	0.000000	0.000000	0.000000	0.000000	0.000000	0.000000	0.000000	0.000000	0.000000	0.000000	0.000000	0.000000	0.000000	0.000000	0.000000
AKT_Pathway	-0.406764	-4.650707	9.069046	-0.058038	1.531554	-1.961687	-27.912677	2.832531	9.783997	11.772745	8.096517	-0.548417	10.487751	-1.792381	0.618889	-7.426742	-13.741157	-19.608066	-16.027356	9.486100	12.091908	46.339896	-10.299538	1.197615	-6.827289	34.186774	13.300392
AKT_Pathway_Aggregation_._Neurodegeneration	-3.872735	-5.438122	3.563202	-2.460552	6.206030	1.562160	-5.862129	0.384288	3.256432	2.661426	1.802450	-2.315935	2.236908	2.248082	7.102581	-1.107391	-4.188233	-5.091198	-3.180023	-0.132946	4.822417	13.732004	-2.355393	-1.502411	-5.236598	14.698321	4.179531
AKT_Pathway_Apoptosis_Inhibition	-1.617686	-3.183073	3.475720	-0.205503	1.565812	0.730949	-5.744719	-5.744719	4.309479	6.413742	2.387770	-0.060887	2.716488	0.819517	-0.419357	1.059362	5.135775	5.075029	-2.990579	1.870086	11.181344	12.029047	-1.956886	6.921461	-2.981549	9.464683	2.912512
AKT_Pathway_Blocks_Apoptosis	-0.463873	-3.310084	0.019313	1.995635	3.558868	1.884761	2.262111	-4.590907	-1.094493	-0.261332	3.813364	4.010426	1.315121	2.682239	1.999566	1.060889	-2.685139	0.583817	-2.366880	11.478283	2.004174	7.749747	3.596127	-0.382134	-1.135128	8.343300	2.085755
AKT_Pathway_Cardiovascular_Homeostasis	-3.383465	4.830617	8.591799	-1.971282	-0.199967	-1.034830	-7.510498	-1.358338	-0.517671	2.553635	0.621991	7.279153	2.355710	-0.946262	-2.185136	-2.510993	-3.698962	7.573508	-4.756358	8.100895	8.344528	5.372667	-0.009581	5.983252	-0.602572	10.249311	4.870021
AKT_Pathway_Caspase_Cascade	-0.212115	-1.777502	0.196229	1.200068	2.971383	2.136520	-4.339148	-4.339148	2.653679	1.510035	-3.994873	1.344685	-1.470052	-9.601839	-3.434932	0.133955	-0.527613	-1.430578	-1.585008	-4.535041	-7.117868	-0.051768	-0.551315	-3.363404	-5.720733	4.968771	4.318083
AKT_Pathway_Cell_Cycle	0.000000	0.000000	0.000000	0.000000	0.000000	0.000000	0.000000	0.000000	0.000000	0.000000	-2.513121	-1.020261	-0.697852	-0.867969	0.000000	0.000000	0.000000	-1.454285	-0.846956	0.000000	-1.475376	0.000000	-1.237695	0.000000	-1.381585	-1.590315	0.000000
AKT_Pathway_Cell_Cycle_Progression	-1.338905	-2.467461	9.104746	1.196312	1.699833	0.165738	-3.817513	-6.309930	0.682896	1.084284	-3.740112	-1.632758	-0.843448	0.316504	-0.984568	0.298343	-3.607673	-3.401360	-2.785557	1.384692	-2.828276	7.319080	-0.797970	1.723439	-3.546760	8.263429	3.588397
AKT_Pathway_Cell_Survival	-0.845533	0.910731	-0.046636	0.566911	-0.903271	0.412209	0.621585	-1.542949	0.052199	0.774753	0.681938	0.902549	0.497074	-0.068109	0.533788	-0.507028	-1.140183	1.263797	0.343565	-0.357161	2.113280	0.293186	1.894856	0.809459	0.277351	0.583017	0.559146
AKT_Pathway_Death_Genes	-3.461572	-5.026959	1.631834	6.259435	-0.278074	2.002837	-7.588605	-7.588605	9.479855	4.569856	1.386162	1.156011	6.517095	1.461160	2.157902	-1.593435	1.940233	-4.680035	-2.293597	3.265017	9.337458	14.984357	3.229146	0.749290	-0.680679	10.171204	13.750264
AKT_Pathway_Elevation_of_Glucose_Import	2.363591	-4.479302	10.511572	2.385096	0.269583	-0.565280	-7.040948	-7.040948	4.788403	-1.191765	0.599715	-1.357115	1.420259	-0.476712	7.343225	-0.622452	0.511711	-4.132378	-4.286808	0.573857	0.819482	10.732818	3.776803	-2.384129	-4.277778	9.628860	5.339570
AKT_Pathway_ERK_Pathway	-0.340310	-1.123004	2.206393	0.365781	1.251438	0.834007	-2.403827	-2.403827	1.092586	0.520764	0.447226	0.438089	0.779999	0.745125	0.258854	0.095925	-0.498059	-0.949542	-1.026757	0.858414	1.526388	4.037755	-0.509911	-0.075417	-1.022242	4.090605	1.924788
AKT_Pathway_Genetic_Stability	-1.656126	-7.757071	11.462648	1.440608	3.424959	-0.573479	-2.256395	-11.346913	2.989547	4.272222	-0.505273	-1.365314	0.098687	0.238712	-3.934358	0.809806	-1.367050	-4.140576	-0.493836	6.783237	0.811283	6.952786	-0.675123	2.672497	-4.285976	9.426729	1.608084
AKT_Pathway_Glucose_Uptake	-2.237738	-7.922015	5.618636	5.505511	1.056322	-0.892219	-6.208382	0.804185	2.600900	1.674800	6.146147	3.055897	0.441504	-0.179913	4.758217	-5.484156	-2.931002	-3.212234	-7.729521	-0.654303	1.802896	7.290106	-2.982744	-5.826841	-7.720491	6.186148	1.896858
AKT_Pathway_Glycogen_Synthesis	0.000000	0.000000	0.000000	0.000000	0.000000	0.000000	0.000000	0.000000	0.000000	0.000000	-2.513121	-1.020261	-0.697852	-0.867969	0.000000	0.000000	0.000000	-1.454285	-0.846956	0.000000	-1.475376	0.000000	-1.237695	0.000000	-1.381585	-1.590315	0.000000
AKT_Pathway_Insulin_Stimulated_Mitogenesis	-4.822864	-6.388252	0.270542	-3.410682	-1.639367	0.641544	-4.674619	9.636849	1.104300	9.282549	0.024870	-0.205281	5.974276	2.055790	4.363507	-3.423992	0.578941	-1.678471	2.904943	1.903724	5.478697	3.933267	-5.162064	-4.293078	2.488802	4.038966	6.751470
AKT_Pathway_JNK_Pathway	-0.410698	-0.054851	4.682708	1.001485	2.772800	1.937937	-8.475867	-1.778006	2.455095	-2.130604	2.413653	1.146101	2.353310	0.366767	4.068676	0.212857	-1.543303	-3.251885	-2.816394	4.990699	3.322699	7.122783	5.242020	1.959626	0.297817	9.561402	4.119500
AKT_Pathway_Neuroprotection	0.256444	-1.308943	5.349850	1.668627	3.439941	2.605078	-3.870589	-3.870589	0.060866	-4.330684	-0.598864	1.813243	0.403508	2.160982	1.454772	-0.675662	-7.128013	-8.873196	-1.116449	1.563569	-5.075792	4.121974	-0.082756	-7.223131	-1.107419	6.897736	4.786642
AKT_Pathway_NF_kB_Pathway	-2.751245	3.928173	2.342161	-1.339063	0.432252	-0.402611	-6.878279	-0.726119	0.114548	5.280182	-0.429323	-1.194446	-0.510626	-0.580375	2.868229	-1.878774	-3.066743	0.393148	-4.124138	-0.353797	0.982152	10.895488	-3.090445	3.419629	-4.115108	14.553285	1.778952
AKT_Pathway_p53_Degradation	1.848194	0.567371	-0.445758	1.848194	0.438377	0.809603	-1.388542	-0.202526	0.236020	-3.710934	-0.566443	-1.773699	-2.253983	-0.978199	-1.457311	-0.618186	1.848194	-0.315438	0.471124	-0.557080	0.372819	-3.426816	-0.045722	-0.032168	-0.691991	-3.958425	-0.499851
AKT_Pathway_p73_Mediated_Apoptosis	0.065631	1.032219	7.691012	0.122961	1.551652	1.830467	-1.529427	-1.529427	-1.600166	-7.634920	1.300702	4.154405	2.744670	4.251255	-2.766157	3.470077	2.282108	1.379143	1.224713	3.034550	6.331003	2.757953	2.258406	3.127392	1.233743	7.778492	7.127804
AKT_Pathway_Protein_Synthesis	0.828700	0.828700	0.828700	0.828700	-5.012750	0.828700	-0.596393	0.828700	-0.191757	0.828700	0.579750	-0.191561	0.828700	0.656293	0.828700	0.828700	0.828700	0.828700	0.828700	0.828700	0.828700	0.828700	0.828700	0.828700	-0.552885	0.828700	0.828700
AKT_Pathway_Regeneration_of_Cyclic_Nucleotide	-3.702482	6.113188	1.390924	-2.290299	-0.518985	-1.353848	-7.829516	-1.677356	2.224683	7.643690	-1.380560	-2.145683	2.036693	5.432894	9.279222	-2.303609	-4.017980	-4.920945	-5.075375	-0.214710	0.030915	9.944251	-4.041682	2.468392	-5.066345	5.159349	4.551003
AKT_Pathway_Respiratory_Burst	0.693010	-3.404353	3.254440	-0.426783	1.344532	0.509669	-5.965999	-5.965999	5.863352	4.098133	3.713532	11.252112	2.495208	4.337749	3.780509	5.535494	-2.154464	-3.057429	0.919351	2.518988	1.894431	23.590345	-2.178166	-1.309180	0.941927	9.243403	6.414519
AKT_Pathway_Survival_Genes	3.699044	3.782022	0.190345	-1.650266	-0.764609	-1.182040	-4.419874	-4.419874	1.117453	3.647799	-1.568821	2.482615	0.159655	-1.093368	1.190237	-1.920122	1.297429	-2.965589	-0.288664	2.017515	4.840071	2.021708	1.261876	-2.091465	-0.275119	3.554917	2.390933
AKT_Pathway_Synaptic_Signaling	-3.847953	-6.196034	3.792156	3.452759	9.363492	-0.325001	-10.038503	-1.835623	6.899436	-1.264728	3.367153	-1.512754	4.177717	8.767173	8.600264	5.423980	5.104078	18.599715	6.226974	21.803769	16.756249	18.790428	9.216636	24.394155	13.714510	35.954988	18.947914
AKT_Pathway_Translation	0.474797	-0.123356	1.506556	0.121752	-0.489525	0.314962	0.030271	-1.187206	-0.241651	-0.406600	-0.325525	-0.362257	-0.461552	-0.478008	-0.457340	0.008016	1.506556	1.506556	0.818021	0.229833	1.506556	0.318533	0.887709	1.506556	-1.470667	1.136466	0.886008
Androgen_receptor_Pathway	-66.476585	20.514815	50.192956	-0.759444	-48.219090	-1.730373	23.031357	38.361327	-20.540103	5.625141	59.612791	23.976068	50.245993	13.292284	50.077850	-1.391617	-105.002362	31.872606	-26.828753	36.044292	56.562123	20.416063	58.627545	1.989392	16.764456	10.149414	55.790319
Androgen_receptor_Pathway_Apoptosis	-0.458602	1.473515	1.375313	-0.521019	-0.646552	1.047337	0.192692	-7.675152	2.095185	3.117283	2.174682	3.034608	-0.043295	0.456246	-0.688640	-0.305237	0.369557	1.646977	1.569762	5.080880	5.598282	5.888429	2.742830	2.521101	-0.965908	8.808775	-1.201805
Androgen_receptor_Pathway_AR_Degradation	-49.812793	15.977145	20.150498	39.428839	-1.012586	4.254954	20.199018	31.359184	-40.127848	-40.416412	34.296355	-14.326001	34.366179	21.308876	37.632111	-20.335907	-99.223737	31.483756	-32.418129	-9.766211	20.831601	-47.963789	49.203942	-26.792154	-9.032855	-47.797058	25.987719
Androgen_receptor_Pathway_Cell_Survival_._Cell_Growth	-5.540004	4.712850	-1.857371	-4.015708	-3.425278	-3.982117	5.697666	2.451973	0.436125	5.521863	-0.877322	-1.520982	5.853004	-1.342848	-1.178868	-4.250210	-3.669442	-0.585761	-2.047226	5.163183	1.265102	0.179964	-4.921156	6.942121	-2.197533	0.106413	-0.502444
Androgen_receptor_Pathway_Gonadotropin_Regulation	-9.596607	-3.653757	9.831247	-2.467126	-13.420311	2.162668	-0.473544	11.038379	-1.202027	7.781078	3.185761	9.975220	2.741344	1.829842	13.619857	6.822798	-12.265175	-4.250369	-7.823267	-1.979940	5.307130	5.206039	9.526645	-7.065551	7.662939	1.818954	6.091044
Androgen_receptor_Pathway_Histone_Modification	-9.596607	-3.653757	9.831247	-2.467126	-13.420311	2.162668	-0.473544	11.038379	-1.202027	7.781078	3.185761	9.975220	2.741344	1.829842	13.619857	6.822798	-12.265175	-4.250369	-7.823267	-1.979940	5.307130	5.206039	9.526645	-7.065551	7.662939	1.818954	6.091044
Androgen_receptor_Pathway_Prostate_Differentiation_._Development	-9.596607	-3.653757	9.831247	-2.467126	-13.420311	2.162668	-0.473544	11.038379	-1.202027	7.781078	3.185761	9.975220	2.741344	1.829842	13.619857	6.822798	-12.265175	-4.250369	-7.823267	-1.979940	5.307130	5.206039	9.526645	-7.065551	7.662939	1.818954	6.091044
Androgen_receptor_Pathway_Sexual_Differentiation_._Sexual_Maturation_at_Puberty	-9.596607	-3.653757	9.831247	-2.467126	-13.420311	2.162668	-0.473544	11.038379	-1.202027	7.781078	3.185761	9.975220	2.741344	1.829842	13.619857	6.822798	-12.265175	-4.250369	-7.823267	-1.979940	5.307130	5.206039	9.526645	-7.065551	7.662939	1.818954	6.091044
ATM_Pathway	-3.919588	7.008083	-0.028441	-5.889322	-0.271155	-0.112315	7.025246	-12.947697	12.772138	-3.636949	-17.717987	8.757516	6.442758	-0.383662	14.679334	-9.812103	-3.417208	-3.152305	-4.699156	3.352232	13.088775	-1.011304	-1.973774	15.727257	-11.161123	6.776501	5.333442
ATM_Pathway_Apoptosis	-1.302897	-1.902650	3.139047	-2.571924	-2.856002	-1.648567	-1.052211	3.241531	1.767865	3.185808	0.312272	-7.237720	-5.317520	-0.660448	-5.238378	-6.542775	-2.090127	-6.094349	-0.371997	8.383676	5.486839	6.612351	2.206688	3.658541	1.078558	4.406573	9.012709
ATM_Pathway_Apoptosis_._Senescense	-7.390337	2.539009	3.598354	-0.047732	-6.945168	0.441211	-4.796570	0.488797	1.408707	10.703729	-6.711706	22.590598	13.257164	-0.230879	15.823890	-4.660623	-7.270720	10.690335	-5.548505	4.233995	16.285986	24.193996	8.095102	6.932858	-4.929254	13.042681	15.927264
ATM_Pathway_Cell_Cicle_Checkpoint_Control	-4.095283	4.025873	1.924540	-5.724023	4.859889	1.890772	10.849653	-8.315242	-2.244018	-3.172160	-4.749879	0.546095	4.898673	2.099660	0.407029	-5.459523	-2.080036	1.321732	-4.787480	-4.564951	-0.136069	5.017899	-1.528547	3.366450	-8.315242	-1.051515	9.788989
ATM_Pathway_Cell_Survival	-2.785512	-1.400806	-1.353731	-1.609116	-2.266613	-4.219165	-6.818805	-6.000619	10.113932	16.340436	-8.021394	0.832275	3.176904	-2.687118	13.707142	-9.214439	0.254497	-5.800373	1.962894	0.896957	1.101979	13.897550	-1.446922	5.308107	-5.890823	4.126055	9.614335
ATM_Pathway_Checkpoint_Activation	-6.059516	-5.185853	4.689078	-5.156281	-0.698413	0.665714	5.365898	5.823542	3.160249	-2.604417	1.828433	1.113837	5.466416	6.478650	7.536863	-5.361045	-5.253417	-2.473381	-4.219737	-3.997208	0.431673	5.585641	2.752279	9.575281	-7.747499	1.736766	2.285399
ATM_Pathway_DNA_Repair	-2.241444	0.015392	-0.725332	-6.871350	-3.992586	-1.438390	-1.511461	-1.789748	8.389043	10.165876	-6.595163	-0.779782	3.748821	-4.520575	0.159518	-10.800832	-5.812659	-6.858984	-6.200652	-6.786339	-1.178802	9.837859	-7.409723	7.931852	-10.977064	1.047701	-1.688430
ATM_Pathway_G2.M_Checkpoint_Arrest	-3.653104	5.758503	0.103264	0.542815	1.623766	1.419221	-0.355409	-0.456711	2.309629	-7.291974	-12.182769	6.286252	3.495994	2.965001	1.258661	-1.462311	0.075769	2.034297	-0.374289	6.109627	5.237604	-5.482746	1.002397	1.337954	-2.329318	3.312054	2.327723
ATM_Pathway_G2_Mitosis_Progression	-1.189146	1.372500	-1.189146	-1.189146	1.630488	-1.189146	5.284326	2.912294	3.519897	-9.962921	-7.536312	-1.189146	1.143225	-0.536360	1.758285	-1.189146	-1.189146	-1.189146	0.504766	-0.462264	10.246823	-8.317284	-1.189146	6.765271	-1.189146	1.264817	-1.189146
ATM_Pathway_MDMX_Ubiquitination_._Degradation	-0.886659	-3.761875	0.923187	-3.437973	5.032119	-0.489492	0.869677	-3.761875	-0.700503	6.213393	2.604780	14.456626	7.740684	1.740101	20.501280	1.210077	1.955428	8.125453	7.108866	13.668356	5.969975	12.807243	6.329259	9.489271	8.022221	12.785735	12.928524
ATM_Pathway_NF_kB_Pathway	-3.479537	9.199870	0.387200	1.310526	-2.347886	0.129918	-0.911834	-5.167521	0.903703	-0.024439	3.028797	6.754600	8.046395	0.178630	10.116842	-2.781067	-2.673438	6.597496	0.901110	-2.287411	17.911708	16.761405	1.619174	6.514171	-5.167521	19.567595	18.135447
ATM_Pathway_S_Phase_Arrest	-5.755941	-1.039809	2.795858	-4.852706	-4.624290	0.969289	4.606824	-7.443924	5.690865	9.653834	-1.284727	4.478197	19.673646	-3.508788	5.699493	-2.793794	-4.949842	-2.169806	-3.916162	-5.654138	5.161375	5.889216	-0.657230	7.918843	-7.443924	4.590748	2.588974
ATM_Pathway_S_Phase_Progresion	5.342389	6.274757	-0.152988	-1.295521	-0.223878	-0.204727	1.788915	-13.686589	0.746979	1.410664	-0.831177	2.636879	-4.002238	-0.810258	2.048231	-2.106737	-0.879841	-0.810759	-13.980348	-0.379541	2.526180	-1.664398	2.148673	0.689024	-2.678501	-3.286475	-2.094742
ATM_Pathway_Synaptic_Vesicle_Transport	-3.479537	9.199870	0.387200	1.310526	-2.347886	0.129918	-0.911834	-5.167521	0.903703	-0.024439	3.028797	6.754600	8.046395	0.178630	10.116842	-2.781067	-2.673438	6.597496	0.901110	-2.287411	17.911708	16.761405	1.619174	6.514171	-5.167521	19.567595	18.135447
cAMP_Pathway	-7.105993	-11.593792	1.761548	-1.125541	10.545889	2.704191	-16.739089	26.341190	-0.668537	-4.119867	10.952169	28.713935	-16.556658	-7.938945	-8.677701	-22.587948	-9.174684	34.725059	-2.232159	27.556298	21.092100	42.219457	-5.115726	15.728236	14.744274	29.957224	37.182679
cAMP_Pathway_Axonal_Growth	-2.082531	-7.407221	-3.770515	5.655529	3.278572	1.975271	3.354949	-3.770515	3.735774	-0.969313	3.262466	-0.730204	-2.266341	1.961924	-0.823084	-1.335780	-0.029392	0.556750	0.464265	2.672351	6.652017	8.085671	12.440085	4.198983	7.752291	10.895179	12.428719
cAMP_Pathway_Cardiovascular_Homeostasis	0.606215	-3.030492	0.606215	0.606215	0.606215	0.606215	0.606215	0.606215	-0.414243	-0.798768	0.606215	-0.414047	-4.052649	-0.404922	0.606215	0.606215	0.606215	-1.557418	0.606215	-1.233107	-1.583174	0.606215	0.606215	-1.722195	-4.295850	-2.339362	-4.068926
cAMP_Pathway_Cell_Growth	0.000000	0.000000	0.000000	0.000000	0.000000	0.000000	0.000000	0.000000	0.000000	0.000000	0.000000	0.000000	0.000000	0.000000	0.000000	0.000000	0.000000	0.000000	0.000000	0.000000	0.000000	0.000000	0.000000	0.000000	0.000000	0.000000	0.000000
cAMP_Pathway_Cell_Proliferation	0.606215	-3.030492	0.606215	0.606215	0.606215	0.606215	0.606215	0.606215	-0.414243	-0.798768	0.606215	-0.414047	-4.052649	-0.404922	0.606215	0.606215	0.606215	-1.557418	0.606215	-1.233107	-1.583174	0.606215	0.606215	-1.722195	-4.295850	-2.339362	-4.068926
cAMP_Pathway_Cell_Survival	-0.477243	-5.801933	0.958148	0.425992	0.654408	4.892468	3.031482	-2.165226	2.052113	-3.570210	0.486389	-3.185488	-6.824090	-0.229182	-2.165226	-1.814292	5.001891	2.703486	-2.165226	8.889080	2.261058	2.586865	1.622607	-4.493636	-7.067291	2.717954	-6.840367
cAMP_Pathway_Cell_Survival_._Chemotaxis	0.000000	0.000000	0.000000	0.000000	0.000000	0.000000	0.000000	0.000000	0.000000	0.000000	0.000000	0.000000	0.000000	0.000000	0.000000	0.000000	0.000000	0.000000	0.000000	0.000000	0.000000	0.000000	0.000000	0.000000	0.000000	0.000000	0.000000
cAMP_Pathway_Cytokine_Production	0.000000	0.000000	0.000000	0.000000	0.000000	0.000000	0.000000	0.000000	0.000000	0.000000	0.000000	0.000000	0.000000	0.000000	0.000000	0.000000	0.000000	0.000000	0.000000	0.000000	0.000000	0.000000	0.000000	0.000000	0.000000	0.000000	0.000000
cAMP_Pathway_Degradation_of_Cell_Cycle_Regulators	0.606215	-3.030492	0.606215	0.606215	0.606215	0.606215	0.606215	0.606215	-0.414243	-0.798768	0.606215	-0.414047	-4.052649	-0.404922	0.606215	0.606215	0.606215	-1.557418	0.606215	-1.233107	-1.583174	0.606215	0.606215	-1.722195	-4.295850	-2.339362	-4.068926
cAMP_Pathway_Endothelial_Cell_Regulation	0.386020	1.230012	-1.063940	1.230012	-0.879038	1.230012	1.230012	1.230012	-2.615107	-1.977995	0.768816	1.230012	-0.572533	0.578129	-0.243703	-0.260877	-1.126308	-0.224273	-0.147058	0.866571	-0.959376	1.230012	1.230012	0.002987	1.230012	-1.439711	-0.011084
cAMP_Pathway_Glycogen_Synthesis	0.606215	-3.030492	0.606215	0.606215	0.606215	0.606215	0.606215	0.606215	-0.414243	-0.798768	0.606215	-0.414047	-4.052649	-0.404922	0.606215	0.606215	0.606215	-1.557418	0.606215	-1.233107	-1.583174	0.606215	0.606215	-1.722195	-4.295850	-2.339362	-4.068926
cAMP_Pathway_Glycolysis	4.989080	0.330863	-0.762834	-3.886209	-3.886209	-3.886209	-3.886209	4.737199	-0.661859	6.912385	0.224135	-0.662379	-0.847867	-1.499427	-3.886209	-3.842342	-0.074673	-3.886209	-3.886209	-2.415830	-3.517365	-3.478658	-3.886209	-3.886209	-3.886209	-3.416132	-1.404017
cAMP_Pathway_Metabolic_Energy	-0.340310	-1.123004	2.206393	0.365781	1.251438	0.834007	-2.403827	-2.403827	1.092586	0.520764	0.447226	0.438089	0.779999	0.745125	0.258854	0.095925	-0.498059	-0.949542	-1.026757	0.858414	1.526388	4.037755	-0.509911	-0.075417	-1.022242	4.090605	1.924788
cAMP_Pathway_Myocardial_Contraction	0.606215	-3.030492	0.606215	0.606215	0.606215	0.606215	0.606215	0.606215	-0.414243	-0.798768	0.606215	-0.414047	-4.052649	-0.404922	0.606215	0.606215	0.606215	-1.557418	0.606215	-1.233107	-1.583174	0.606215	0.606215	-1.722195	-4.295850	-2.339362	-4.068926
cAMP_Pathway_Oncogenesis	0.606215	-3.030492	0.606215	0.606215	0.606215	0.606215	0.606215	0.606215	-0.414243	-0.798768	0.606215	-0.414047	-4.052649	-0.404922	0.606215	0.606215	0.606215	-1.557418	0.606215	-1.233107	-1.583174	0.606215	0.606215	-1.722195	-4.295850	-2.339362	-4.068926
cAMP_Pathway_Protein_Retention	0.606215	-3.030492	0.606215	0.606215	0.606215	0.606215	0.606215	0.606215	-0.414243	-0.798768	0.606215	-0.414047	-4.052649	-0.404922	0.606215	0.606215	0.606215	-1.557418	0.606215	-1.233107	-1.583174	0.606215	0.606215	-1.722195	-4.295850	-2.339362	-4.068926
cAMP_Pathway_Regulation_of_Cytoskeleton	0.606215	-3.030492	0.606215	0.606215	0.606215	0.606215	0.606215	0.606215	-0.414243	-0.798768	0.606215	-0.414047	-4.052649	-0.404922	0.606215	0.606215	0.606215	-1.557418	0.606215	-1.233107	-1.583174	0.606215	0.606215	-1.722195	-4.295850	-2.339362	-4.068926
Caspase_Cascade	-24.632568	21.863222	-27.060143	-11.914788	0.454008	-15.266877	14.678803	2.235204	-6.422058	46.065198	-4.061481	11.125724	28.098316	9.447868	18.065126	-6.358270	-14.165144	-9.304223	-5.382147	39.127210	12.820770	41.869920	-9.130542	13.356189	14.736768	61.199092	8.462025
Caspase_Cascade_Activated_Tissue_Trans_glutaminase	-2.099764	10.622217	-4.659540	-1.445157	-4.811410	-1.554836	-1.505347	2.387282	-0.152245	3.218800	-1.377582	2.472414	-1.102346	-0.386300	-4.018391	1.779875	-3.522083	-10.386414	-1.589848	1.476200	2.099356	-3.799012	0.263020	-10.050393	-3.686505	10.342358	-5.479451
Caspase_Cascade_Apoptosis	-6.617519	2.112753	-6.764937	-7.891173	-4.512104	-5.303034	9.388515	3.397165	1.156251	15.034083	-2.559685	7.967973	8.071737	0.350630	15.209937	-3.413997	2.669855	7.961618	-1.777238	6.892534	4.638396	16.369338	0.722888	3.831655	-4.014793	19.113977	6.133412
Caspase_Cascade_Cell_Survival	0.000000	0.000000	0.000000	0.000000	0.000000	0.000000	0.000000	0.000000	0.000000	0.000000	0.000000	0.000000	0.000000	0.000000	0.000000	0.000000	0.000000	0.000000	0.000000	0.000000	0.000000	0.000000	0.000000	0.000000	0.000000	0.000000	0.000000
Caspase_Cascade_ICAD_Degradation	-5.393253	1.229278	-5.815249	-5.491346	-5.815249	-5.295953	13.376460	7.514431	-5.560134	11.251014	-0.549421	8.011229	9.883024	-0.072691	14.905858	1.146545	6.884002	22.343763	-0.310035	5.080591	10.532320	32.713666	7.114057	3.244018	-5.124456	16.724861	-4.866133
CD40_Pathway	5.314415	-3.152570	3.510054	-1.606836	-5.685822	-5.539244	-2.583983	1.485661	0.538165	7.720159	1.045445	-9.686067	3.003234	-7.014682	-0.692260	5.985534	-0.156623	-9.263932	-1.491525	16.457983	9.006518	21.991229	17.625694	3.342092	-1.221604	8.875746	-0.975061
CD40_Pathway_Gene_Expression	2.744978	-2.426719	1.241393	-0.003297	-1.016902	-1.388128	-0.298876	0.438458	-0.072197	0.781289	-0.122708	-2.426719	0.778759	-1.569975	-0.953004	2.915801	0.549224	-2.426719	-0.662838	2.074201	0.524032	2.848291	5.464027	-2.426719	-1.045134	-0.836404	-1.185623
CD40_Pathway_IKBs_Degradation	5.948614	-1.537963	3.969835	0.235767	-7.034500	-7.034500	-7.034500	5.662472	0.029066	6.795708	-3.263940	-7.034500	-0.916623	-6.055321	0.334077	8.993058	1.893330	-4.125929	-1.742856	-3.187263	-2.608373	-3.774099	16.637739	-3.273774	-7.034500	-1.406033	-3.311212
Cellular_Anti_Apoptosis_Pathway	5.742599	26.146032	-6.050558	-1.362786	-6.794404	-2.314639	-12.465193	-24.306814	-12.373439	33.779202	-33.072800	19.400084	8.355162	1.600883	2.292427	-5.567084	-3.416247	17.542012	14.373847	8.187208	40.492052	38.700146	35.940847	13.744234	23.705976	25.719415	-15.363703
Cellular_Anti_Apoptosis_Pathway_Apoptosis	6.783598	8.891393	3.786547	5.063710	0.948466	4.806692	-7.663808	-8.623064	-7.292463	-6.701072	9.694618	8.238755	9.282224	12.832993	2.692005	4.919469	3.768101	-5.631368	4.394243	19.233786	20.711349	19.120966	11.323686	11.983347	10.676027	12.129333	-14.196929
Cellular_Anti_Apoptosis_Pathway_Depolarization	1.637885	0.357062	-0.656067	1.637885	0.228068	0.599294	-1.598851	-0.412835	0.025710	-1.818150	-0.776753	-0.963747	-0.661748	-0.424540	-1.667620	-0.828495	1.637885	0.928538	0.260815	-0.767389	0.162509	-3.637125	0.981663	-0.242478	-0.902300	-4.168734	-0.710161
Chemokine_Pathway	-11.411175	-17.135719	-5.264527	10.013432	18.789415	4.047307	-25.198415	7.776463	9.288772	9.094446	7.954749	8.827646	11.622838	-1.375943	9.977008	-15.908072	-26.083430	-20.763467	-9.089184	17.647411	10.148062	9.275022	-4.783378	3.357934	31.576234	16.813645	18.665472
Chemokine_Pathway_Cell_Activation	-0.926042	-0.489211	-1.770034	2.116794	-0.360217	-0.731443	1.907725	-1.770034	0.584488	1.437973	-0.065118	-0.749773	0.032511	-0.242926	-1.770034	-0.941418	-1.770034	-1.770034	0.764080	7.362221	1.251844	5.253073	0.573272	3.217717	1.404329	1.175543	2.610390
Chemokine_Pathway_Gene_Expression_._Apoptosis	-0.860465	-0.789912	-1.725216	0.759760	-0.031353	-1.344385	-0.341409	1.570203	0.365931	2.396847	2.875799	21.064379	0.025987	-0.776125	-1.831805	-2.589027	-4.019168	-4.019168	4.023226	6.832200	6.379587	-0.256462	-0.438167	3.342983	9.315933	-0.333412	8.512342
Chemokine_Pathway_Internalization_Degradation_Recycling	0.733032	-2.178736	-4.740382	8.900490	-4.740382	-2.663199	-4.740382	4.835569	6.126364	-1.532374	-2.473942	-4.740382	-1.710159	1.910402	-4.740382	-3.301313	-4.740382	-0.377526	-4.740382	-1.490847	-1.789631	1.158690	8.822181	5.245090	-4.740382	-1.559752	-0.411766
Circadian_Pathway	-14.314430	8.047851	5.051470	12.093196	4.389344	0.714757	9.737985	-8.713456	-15.209682	-1.797035	-4.390143	-20.921957	3.026053	-18.585010	3.384597	-6.048781	-8.713456	12.582488	-10.395864	7.660835	3.932620	31.887021	5.082719	-1.877173	1.849174	25.094453	-8.713456
CREB_Pathway	-7.777495	-15.054194	-5.315437	-10.143993	9.318784	-11.345066	-8.377714	14.763703	2.433995	31.497417	-7.958943	6.859408	16.499578	-13.640245	-18.638986	-22.287042	-23.443256	1.975135	18.016522	17.083457	14.980331	38.473228	-15.026718	12.950198	-2.231903	27.205219	17.469233
CREB_Pathway_Gene_Expression	-1.605902	-7.927368	-4.023150	-2.361999	-7.222459	-4.811594	1.267030	4.620916	5.578806	16.485722	-5.534053	-2.041840	1.646745	-5.755335	-7.927368	-5.602303	-7.927368	-1.021827	0.080027	1.228707	8.833169	11.866204	-4.214284	0.771634	-7.236575	10.763339	6.166529
Cytokine_Network_Pathway	-1.652964	2.292398	0.911000	0.474156	-1.652964	-1.652964	0.686740	3.900528	-1.652964	-1.652964	0.320133	4.184200	2.597813	2.649033	-1.652964	-1.108072	1.287819	1.899268	-1.652964	9.914555	4.799628	16.493253	5.278067	-1.652964	0.281918	3.743718	5.939963
DNA_Repair_Mechanisms_Pathway	-45.205676	48.902331	5.092490	-56.787939	-42.343849	-47.959201	-35.327036	81.639726	38.680819	53.308335	2.840148	-28.623966	-2.524431	-24.392800	-2.820926	-51.711140	-57.046534	-47.580323	-62.659956	-18.093462	21.797043	23.151299	8.938430	45.146371	19.652341	19.522226	11.307219
EGFR1_Pathway	-29.019124	4.572539	-24.569786	4.429071	-7.796786	-32.471091	-31.200100	27.117473	33.365624	55.572179	-11.836854	-15.439661	16.569327	0.714764	37.553372	-25.731860	2.021255	-5.681026	19.887239	24.363022	7.596226	90.174119	-1.892286	59.160133	33.221146	63.964557	55.400037
ErbB_Family_Pathway	-39.524667	-25.874713	-0.544054	8.218807	-0.365304	-5.411918	-21.044474	-7.623245	23.865977	68.303590	-21.129712	-7.677447	15.919590	-20.991292	28.277426	-39.150733	-1.326198	-17.265270	16.750201	74.783376	22.912276	75.707824	39.248468	45.375762	15.607505	66.765937	47.139094
ErbB_Family_Pathway_Anti_Apoptosis	0.367332	-3.675184	2.914035	-3.526724	1.959081	2.580241	-1.696184	-6.007888	5.158774	1.926517	-0.007274	-0.675923	2.547820	-1.477128	0.966497	-0.420336	-0.860592	-2.405532	0.527842	2.645662	3.780533	6.345130	2.541038	-0.021112	-1.007208	5.648383	4.961412
ERK_Signaling_Pathway	-39.991647	0.275997	-17.531142	-31.986214	14.137531	-27.793575	-7.653755	67.589525	0.643391	42.309888	24.306063	-20.266300	13.263110	-26.278829	61.385817	-43.340093	-14.429670	13.602917	4.539905	79.387392	118.334496	140.881974	-2.889047	93.964026	18.068360	139.120387	88.603921
Erythropoeitin_Pathway	-5.530619	9.801338	-22.389399	-9.409578	-10.658070	-0.503954	-4.736100	5.146047	15.115060	23.165275	16.453278	14.840861	13.476855	-7.669078	-1.572194	-20.070264	-10.403576	3.445578	14.193314	53.288845	35.254358	68.607224	12.685647	12.525443	23.423729	85.099488	7.646942
Estrogen_Pathway	-26.068639	-21.302169	-24.144680	-14.552569	-8.498342	-9.126299	-11.657937	77.520210	8.967205	28.863220	-4.057648	-8.946653	5.380375	-13.960756	65.328686	-30.102265	-32.044771	-10.951642	-25.998489	46.324532	56.208891	56.178189	30.275284	18.113259	-5.508275	76.119058	46.693984
Fas_m_Signaling_Pathway	-8.147403	-5.570922	-9.413391	-2.935344	-8.003574	-9.413391	-6.460821	8.832621	15.425530	25.686695	-2.067484	-6.271084	-0.355988	3.409133	17.590437	-7.423547	-1.272418	-7.005024	1.099927	2.967545	-5.010940	18.092966	-2.531321	1.525342	1.426785	9.072013	5.185679
Fas_p_Signaling_Pathway	-4.638813	12.335864	13.345019	-20.898615	9.703526	-7.982563	-1.861509	-6.042339	-3.118371	9.157801	-4.171251	25.073595	-0.011125	18.528954	21.501011	-12.773982	-20.611618	3.946943	-8.588580	39.937080	17.261706	77.341290	15.231998	27.122952	-8.906164	28.662287	4.770199
FLT3_Signaling_Pathway	-3.042862	35.561782	-25.632765	-30.870084	3.139158	-12.689810	-27.549192	-46.377243	12.984347	94.476670	13.797771	13.929074	11.986991	-0.452454	-24.636116	-41.096695	-62.197069	-12.148256	-2.169552	39.215734	37.568089	42.419284	-2.233267	14.403133	27.111594	39.320436	-1.984529
Glucocorticoid_Receptor_Pathway	0.000000	0.000000	0.000000	0.000000	0.000000	0.000000	0.000000	0.000000	0.000000	0.000000	0.000000	0.000000	0.000000	0.000000	0.000000	0.000000	0.000000	0.000000	0.000000	0.000000	0.000000	0.000000	0.000000	0.000000	0.000000	0.000000	0.000000
Glucocorticoid_Receptor_Pathway_Cell_Cycle_Arrest	-2.602155	-3.024151	-0.295358	-2.040638	1.521399	-2.504856	3.008003	1.293279	2.057462	2.587017	4.514032	3.738273	2.220655	1.510355	-1.550436	-1.332712	-2.071268	-0.800549	3.580542	4.384038	3.187007	0.569812	2.442329	-1.797126	1.109214	4.881996	-1.125920
Glucocorticoid_Receptor_Pathway_Cell_cycle_progression	-3.471986	-3.471986	2.221549	4.341425	6.789088	-0.797203	-0.873632	-3.471986	-1.441408	0.176138	2.029257	5.239372	3.141521	0.795808	0.758649	3.219439	-2.224945	-2.017700	0.542813	1.106079	-3.471986	1.236573	-1.578069	1.078164	0.676402	1.035208	1.499644
Glucocorticoid_Receptor_Pathway_Gene_Expression	-1.582995	-0.835146	-2.952274	-3.623633	4.026758	-0.806139	-4.595405	0.231725	0.787079	9.350030	0.609919	-1.736992	2.409035	0.737052	2.049995	-3.001897	-0.843439	-0.282082	-1.436692	5.915491	1.177093	1.192522	-0.032838	3.166408	2.813016	2.536084	3.391954
Glucocorticoid_Receptor_Pathway_Inflammatory_Cytokines	0.000000	0.000000	0.000000	0.000000	0.000000	0.000000	0.000000	0.000000	0.000000	0.000000	0.000000	0.000000	0.000000	0.000000	0.000000	0.000000	0.000000	0.000000	0.000000	0.000000	0.000000	0.000000	0.000000	0.000000	0.000000	0.000000	0.000000
Glucocorticoid_Receptor_Pathway_SMAD_signaling	0.887542	2.260505	-3.259783	-3.729467	4.954670	-0.906352	-5.363645	-1.122076	0.229927	6.048677	-4.208730	-3.560375	0.144002	-3.597832	-3.454935	-2.980712	0.354738	2.260505	2.260505	-4.496090	-3.356415	-10.130367	-3.104097	6.373054	1.957874	0.795805	-5.027066
GPCR_Pathway	-79.764607	-57.095097	-60.295654	76.182371	124.324627	-61.574191	-69.053466	87.424078	35.999494	3.852444	76.563941	11.896193	13.122632	-11.284361	-35.182151	44.127785	-39.097463	-46.395352	-43.931084	184.635154	27.630939	67.239981	-46.342366	66.958673	-7.163252	181.638021	195.024562
GPCR_Pathway_Gene_Expression	-14.855322	-13.141663	-17.883023	27.873398	40.561224	-15.208240	-15.755180	16.979217	2.526121	-11.096532	25.821886	9.937902	-1.881959	1.423848	-13.746626	20.134542	-10.989090	-17.883023	-14.742071	48.923186	-9.888427	-9.047112	-14.751411	-5.528415	-6.390215	29.225405	41.983344
Growth_Hormone_Pathway	-1.861725	-15.105324	-23.126551	-20.386699	7.101733	-21.890339	-5.696127	17.972655	7.294456	55.697920	-20.354237	-24.273527	-4.129526	-17.812708	-19.115523	-20.275931	5.387112	-19.590795	-18.138317	3.021685	45.162343	60.466214	-7.077885	-2.369113	4.763370	40.133553	55.417989
Growth_Hormone_Pathway_Cell_survival	-1.669953	-0.389130	-1.669953	-0.374344	-0.260136	0.713235	-0.244861	0.380767	-0.649496	4.163873	-0.456830	-1.669953	2.378997	-0.070161	-0.196238	-1.196956	-0.422912	-1.669953	0.864161	0.169368	-1.669953	-1.669953	0.673353	-1.669953	-0.288368	1.507104	4.194945
Growth_Hormone_Pathway_Gene_Expression	0.367606	-10.924403	-15.358236	-12.581226	6.193813	-16.532309	-2.626417	9.633515	4.311463	37.516194	-15.726258	-16.536891	-1.620340	-13.304161	-11.449739	-13.718206	5.799723	-14.234866	-12.027218	2.463637	29.267717	42.830730	-6.304573	2.414009	1.977223	25.300836	35.570805
Growth_Hormone_Pathway_Protein_Synthesis	-1.669953	-0.389130	-1.669953	-0.374344	-0.260136	0.713235	-0.244861	0.380767	-0.649496	4.163873	-0.456830	-1.669953	2.378997	-0.070161	-0.196238	-1.196956	-0.422912	-1.669953	0.864161	0.169368	-1.669953	-1.669953	0.673353	-1.669953	-0.288368	1.507104	4.194945
GSK3_Pathway	-3.028467	-8.000753	13.008026	41.189671	15.205088	12.004773	24.683095	-56.679641	-10.152806	-28.228986	16.757475	-12.429189	1.039453	31.833293	-6.048116	-1.326608	-19.005250	4.507418	-24.684417	57.561141	-6.560172	-8.916210	-18.161299	-0.161250	5.830185	-27.517944	-3.544732
GSK3_Pathway_Degradation	-0.756337	2.270265	-0.756337	-0.756337	-0.756337	-0.756337	-0.756337	-0.756337	0.855838	2.168255	-0.507387	-0.756337	-0.756337	-0.756337	-0.756337	-0.283339	-0.756337	-0.756337	-0.756337	-0.756337	1.433051	-0.756337	-0.756337	-0.756337	-0.756337	-0.016157	0.484759
GSK3_Pathway_Gene_Expression	-3.515782	-3.515782	-3.515782	-3.515782	0.713670	-3.515782	-3.515782	7.772064	7.350964	5.257993	-1.577226	1.319963	-1.422227	-3.515782	0.905364	0.539037	-3.515782	0.847074	1.775862	1.641014	-3.515782	-3.515782	2.165968	-3.515782	-3.515782	4.493387	3.528355
GSK3_Pathway_Translation	1.485779	2.329771	2.329771	-3.408268	2.329771	2.329771	0.904678	-1.052811	-1.166643	-6.081818	1.519643	-1.514989	1.631919	-1.198274	0.856055	2.329771	2.329771	-3.403753	1.482815	0.742197	2.329771	2.329771	0.435854	2.329771	0.255577	1.589591	2.329771
Hedgehog_Pathway	-11.128752	-6.387392	13.372460	9.875959	-8.309118	-7.706973	19.300625	-4.162135	-3.428241	-1.426434	18.152647	8.191264	4.664056	-4.699309	-0.785589	-2.241828	-9.881711	-6.801487	2.105702	12.635450	0.151594	2.053564	-4.282134	4.040071	-6.336654	4.325381	-2.294729
Hedgehog_Pathway_Repression_of_target_genes.Hh.BMP.	-1.573957	-1.573957	5.307901	-1.573957	-1.573957	-1.573957	7.283755	-1.573957	-1.573957	-1.573957	4.440588	1.486827	0.519598	-0.819596	-1.573957	-0.578290	-1.573957	-1.573957	0.966911	2.755183	-1.573957	-1.573957	-1.573957	-1.573957	-1.573957	-1.573957	-1.573957
Hedgehog_Pathway_Target_genes.WNT.Ptc.BMP.	-1.573957	-1.573957	5.307901	-1.573957	-1.573957	-1.573957	7.283755	-1.573957	-1.573957	-1.573957	4.440588	1.486827	0.519598	-0.819596	-1.573957	-0.578290	-1.573957	-1.573957	0.966911	2.755183	-1.573957	-1.573957	-1.573957	-1.573957	-1.573957	-1.573957	-1.573957
HGF_Pathway	-23.647242	4.411287	6.215729	34.261946	28.525545	-34.681074	-38.344098	-4.195309	10.103728	17.349490	-24.583839	-15.375514	-17.104333	8.876052	-16.663578	-23.656243	-18.644941	-18.263608	-29.209562	12.105215	11.293142	43.670547	-4.911957	6.067570	-11.070904	36.411169	54.439212
HGF_Pathway_Anoikis	-3.802603	-0.688431	-1.255900	1.750332	-2.210855	-2.628286	-5.866120	3.181241	6.492367	5.028256	-0.833293	-0.983681	2.476405	-1.532376	-3.203439	-1.139006	0.752287	0.862284	2.528599	9.523682	9.866238	16.978519	5.659386	6.999119	6.240309	13.922273	5.923563
HGF_Pathway_Cell_adhesion.ell_mirgation	-0.697006	-2.384989	0.738385	-1.089380	-0.975172	1.143858	0.213365	-2.384989	4.612911	0.823018	-0.810232	-2.384989	-2.384989	-0.822622	-2.384989	-2.209522	2.445611	1.131183	-1.538033	9.654908	0.922847	1.621257	-0.491073	-2.384989	-2.384989	2.756371	1.943626
HGF_Pathway_Cell_cycle_progression	0.000000	0.000000	0.000000	0.000000	0.000000	0.000000	0.000000	0.000000	0.000000	0.000000	0.000000	0.000000	0.000000	0.000000	0.000000	0.000000	0.000000	0.000000	0.000000	0.000000	0.000000	0.000000	0.000000	0.000000	0.000000	0.000000	0.000000
HGF_Pathway_Cell_scattering	-0.340310	-1.123004	2.206393	0.365781	1.251438	0.834007	-2.403827	-2.403827	1.092586	0.520764	0.447226	0.438089	0.779999	0.745125	0.258854	0.095925	-0.498059	-0.949542	-1.026757	0.858414	1.526388	4.037755	-0.509911	-0.075417	-1.022242	4.090605	1.924788
HGF_Pathway_Cell_survival	-0.340310	-1.123004	2.206393	0.365781	1.251438	0.834007	-2.403827	-2.403827	1.092586	0.520764	0.447226	0.438089	0.779999	0.745125	0.258854	0.095925	-0.498059	-0.949542	-1.026757	0.858414	1.526388	4.037755	-0.509911	-0.075417	-1.022242	4.090605	1.924788
HIF1Alpha_Pathway	-4.970909	23.207676	-2.117084	-16.804279	-18.690360	-20.446340	11.075895	-0.535501	8.236909	21.043994	-7.528860	5.800529	27.456072	-5.124584	-14.972723	-10.399427	24.260530	43.949945	39.834088	104.153596	99.292699	136.888451	37.012276	62.517477	113.278484	116.836601	83.386142
HIF1Alpha_Pathway_Gene_Expression	7.315934	4.488620	-9.192200	-9.192200	-9.192200	-9.192200	16.701687	-9.192200	0.046241	17.408516	-7.034637	-9.192200	0.137283	-8.481980	-8.209723	-5.408220	10.489718	-5.269486	27.107868	12.131017	56.888106	51.003878	-6.576764	40.169280	47.267974	45.356010	39.719486
HIF1Alpha_Pathway_HIF1alpha_degradation	-1.734432	3.416921	7.441378	-1.734432	-1.734432	-1.734432	-1.734432	-1.734432	-0.122257	-0.329449	-1.485483	-1.734432	9.674264	-1.379322	-0.260717	-1.032563	8.937887	4.149638	1.406519	5.607226	3.593698	6.540685	2.188722	1.817294	9.223937	7.308189	1.664255
HIF1Alpha_Pathway_NOS_pathway	-0.411259	17.711339	3.265308	-12.792359	-12.792359	-12.792359	6.628056	1.562681	-6.669616	16.290568	-5.627771	8.454550	2.368050	-11.638252	-12.792359	-9.954375	1.345558	15.616991	12.862216	20.732016	52.757861	28.217141	-4.128496	43.072391	36.507854	36.210052	30.879732
HIF1Alpha_Pathway_p53_Hypoxia_pathway	-2.470980	15.573321	-3.314972	-3.314972	-3.314972	-3.314972	-3.314972	-3.314972	4.950857	1.836633	-1.444831	-1.703057	-3.314972	-0.456265	2.088651	-3.314972	1.257512	21.980391	10.735964	28.477152	20.311091	34.059719	12.307621	14.108053	20.393690	24.066373	20.163721
HIF1Alpha_Pathway_Pyruvate	7.315934	4.488620	-9.192200	-9.192200	-9.192200	-9.192200	16.701687	-9.192200	0.046241	17.408516	-7.034637	-9.192200	0.137283	-8.481980	-8.209723	-5.408220	10.489718	-5.269486	27.107868	12.131017	56.888106	51.003878	-6.576764	40.169280	47.267974	45.356010	39.719486
HIF1Alpha_Pathway_VEGF_pathway	-5.145364	-9.841526	-17.526465	20.836341	0.519521	-17.526465	24.551101	2.529776	-0.118498	1.721580	-10.361876	5.980908	-2.366055	1.943045	-17.526465	14.613085	-3.388547	3.423969	8.128110	15.262870	50.522844	48.128455	-8.862602	30.881321	70.434911	53.682029	55.820030
IGF1R_Signaling_Pathway	-28.253631	-79.884214	-2.990466	11.501349	18.343351	-10.915931	-15.259877	119.778330	20.990715	-33.309625	10.632068	18.010284	71.659074	16.487233	16.626451	-0.196155	-15.819444	-65.833178	-35.966391	105.080548	10.368355	63.563604	-3.065248	-8.184632	48.871422	-6.759875	136.851017
IGF1R_Signaling_Pathway_Cell_Survival	-5.925709	-41.171446	6.780538	7.253817	22.646997	-4.552431	-12.167932	63.090036	2.609447	-38.563315	-2.360315	-9.397759	31.269502	13.017037	14.033032	4.906504	1.559166	-42.919219	-24.461615	26.225193	-17.759052	4.910772	-12.992465	-24.396966	15.199359	-34.591279	56.326759
IGF1R_Signaling_Pathway_Glucose_Uptake	5.073687	-3.722156	10.164644	2.755890	-3.722156	-3.722156	-3.722156	-3.722156	4.338717	-3.722156	-0.491230	-3.722156	-0.232898	-3.278269	11.375863	-1.357169	2.513049	-3.722156	-3.722156	-1.904951	-3.722156	4.428846	7.994374	-3.722156	-3.722156	2.412751	2.483323
IGF1R_Signaling_Pathway_Glycogen_Synthesis	-4.315742	3.387893	2.689716	10.059472	-3.172947	2.689716	2.689716	2.899980	-7.297347	-9.630458	1.217422	3.491110	1.876517	6.359344	4.163432	1.850657	5.665659	4.853349	2.689716	1.746154	4.165092	4.319917	0.214327	4.570079	4.763910	3.429896	-0.792940
IGF1R_Signaling_Pathway_IKB_Degradation	-1.102018	1.646251	-1.102018	-1.102018	-1.102018	0.975165	-1.102018	0.948702	0.938897	1.001075	-0.853068	-1.102018	-1.102018	-0.170985	3.319128	-0.751083	-1.102018	3.260838	-1.102018	-1.102018	1.848733	3.788584	2.685816	3.232395	-1.102018	1.712215	-1.102018
IGF1R_Signaling_Pathway_Protein_Synthesis	-0.513281	8.833533	-7.368478	-2.346550	-9.502298	-3.785664	-0.513281	9.528777	-1.533738	7.200980	-1.236419	0.288113	3.567779	-0.799411	-1.986996	-0.868798	4.681219	1.650352	2.240859	-0.006002	-1.988656	12.378905	-2.988670	4.036869	2.942498	12.322081	1.384951
IL_10_Pathway	-1.775962	-2.826043	5.403974	14.678142	14.604140	-16.518438	0.587433	-8.932299	-4.231182	-0.989764	-5.507932	2.449050	8.432818	15.799452	-9.392157	-0.425231	-5.803027	-2.767151	-0.002357	-5.819045	9.174105	-8.512107	-0.271470	-10.147799	-13.084085	-4.238535	29.373051
IL_10_Pathway_Gene_Expression	-1.665985	-0.783567	2.787555	9.367085	9.127007	-5.590275	-4.501023	-6.628866	-1.792342	-0.319589	-4.668894	-0.538007	-0.905168	2.532869	-6.628866	-2.574048	-6.628866	-6.628866	-6.628866	-1.449854	1.414674	3.536745	-2.915782	-6.628866	-5.247281	-1.357607	6.907906
IL_10_Pathway_Translational_Modulation	4.167917	-3.055887	0.726989	-3.474274	2.053191	-3.979960	4.142402	2.117197	-0.755227	-1.942349	3.727346	4.167917	6.643928	6.775307	4.167917	4.614213	5.414958	6.331550	4.355689	-1.093199	-0.215700	-3.074846	2.564737	1.347373	2.095539	-3.104489	7.260617
IL_2_Pathway	-2.220632	8.513281	-5.455408	-22.082995	23.483076	-18.250379	-8.235844	8.422924	-10.958186	26.784163	4.265828	-45.955120	-4.416561	-14.115559	-14.122603	-27.599135	-12.333990	10.853092	1.693617	45.478990	16.874646	97.588065	-16.676147	30.618841	25.264113	57.607264	18.198838
IL_2_Pathway_Actin_reorganization	-0.362051	0.278360	-0.362051	-0.362051	-0.362051	-0.362051	-0.362051	-0.362051	1.155755	1.100244	-0.237577	0.148079	0.221041	-0.317663	0.374806	-0.274318	-0.362051	-0.362051	-0.362051	-0.035300	-0.362051	-0.362051	-0.362051	0.578130	-0.362051	-0.362051	0.258497
IL_2_Pathway_Apoptosis	1.909194	2.530403	-1.106303	0.189306	-1.106303	-2.144895	-1.106303	0.944416	-1.106303	0.996789	0.898545	-7.804364	-3.348914	-0.875021	-1.819952	-1.375940	-1.106303	1.057329	-1.106303	0.748354	-5.339394	-0.617088	-1.106303	-0.452966	2.982964	1.051069	-1.763439
IL_2_Pathway_Apoptosis_Inhibition	6.352109	5.683760	-2.102985	4.757650	-5.226359	-5.226359	-5.226359	0.925800	-5.226359	5.289104	1.710578	-5.226359	-2.893989	-1.425698	2.142217	-3.879759	-5.226359	4.173109	-5.226359	8.508276	-5.226359	3.369426	3.173337	0.414729	11.186199	12.141348	-1.503072
IL_2_Pathway_Protein_Synthesis	-0.474797	0.123356	-1.506556	-0.121752	0.489525	-0.314962	-0.030271	1.187206	0.241651	0.406600	0.325525	0.362257	0.461552	0.478008	0.457340	-0.008016	-1.506556	-1.506556	-0.818021	-0.229833	-1.506556	-0.318533	-0.887709	-1.506556	1.470667	-1.136466	-0.886008
IL_6_Pathway	-11.840752	-11.832111	13.233677	6.805995	38.283186	-23.837113	-17.987772	-0.440347	-5.053610	12.668846	-15.566678	-15.461183	-10.157688	10.125154	-6.330866	-14.796789	-23.844300	-4.120454	-17.306436	11.452481	5.258169	54.584234	-16.887309	-11.314549	-4.869805	10.285225	23.760141
ILK_Pathway	-10.374259	-3.853912	-1.903661	-1.239306	-8.197957	-7.214710	-4.472001	-10.845740	23.525457	24.576089	5.922237	-5.752875	13.141208	8.146500	0.569257	-14.130634	-13.194037	20.826606	20.492922	28.640908	28.778859	28.623131	19.247293	3.025876	21.129262	49.764730	3.136949
ILK_Pathway_Apoptosis	-8.312290	0.078339	-3.355000	2.604537	3.476248	-6.806350	-1.960625	-5.275240	11.155879	8.394501	3.810987	-2.778557	-3.364523	0.105128	12.701711	-2.379803	-6.237089	17.073668	0.897050	-7.407298	7.801180	8.284770	-3.291690	-2.878536	-4.674840	11.946119	-9.055493
ILK_Pathway_Cell_adhesion_cell_motility.opsonization	-4.687900	-2.126254	-1.564525	1.876636	-1.868265	-4.687900	-4.687900	12.213591	1.041601	4.490915	-0.962575	3.201069	-1.649558	-1.460600	2.825023	-1.842044	-4.687900	-1.779329	-2.993988	-1.009257	1.927773	-1.427499	-4.687900	0.299851	-3.306315	-1.507270	-0.891436
ILK_Pathway_Cell_cycle_proliferation	0.615424	-0.695966	2.177111	-6.754332	0.615424	0.615424	2.040517	-1.645560	3.821519	-0.789559	0.148337	-1.206231	1.596650	-2.043730	0.615424	-0.940369	-1.113478	-1.548209	2.935478	0.978865	4.906028	1.361269	0.615424	-0.037914	-1.458770	5.934807	-1.282808
ILK_Pathway_Cell_Migration.Retraction	-1.625543	0.322890	3.074952	-1.625543	-1.625543	-1.625543	-0.200450	0.425177	1.580552	1.299049	0.409351	-0.605281	0.177002	-0.526291	-0.151827	-1.625543	-0.378502	-1.625543	1.541467	-1.262102	5.615813	0.750503	-0.387848	4.001513	-0.243958	4.434020	0.856649
ILK_Pathway_Cell_Motility	-1.166752	2.901535	-0.026495	-0.887158	-0.648304	-1.588183	-0.163090	0.804324	2.128141	-1.354019	0.322236	-0.567921	-0.456358	-0.456706	-0.114467	-2.252275	0.154849	-1.345802	0.875705	0.199697	5.251475	2.367636	-2.000747	0.083807	-1.703012	6.839410	-1.064961
ILK_Pathway_Cytoskeletal_reorganization	0.459984	-0.820839	-1.900589	0.459984	-0.244924	-0.059311	0.459984	-0.565376	1.225327	0.985758	0.229386	1.225180	0.558073	0.282217	1.196842	-0.743152	2.484342	-1.765868	-0.236110	-3.275090	-2.089321	-0.972646	0.769408	1.993766	1.496173	-1.075353	0.770258
ILK_Pathway_G2_phase_arrest	0.615424	-0.695966	2.177111	-6.754332	0.615424	0.615424	2.040517	-1.645560	3.821519	-0.789559	0.148337	-1.206231	1.596650	-2.043730	0.615424	-0.940369	-1.113478	-1.548209	2.935478	0.978865	4.906028	1.361269	0.615424	-0.037914	-1.458770	5.934807	-1.282808
ILK_Pathway_Induced_cell_proliferation	0.061137	-1.204851	-1.204851	-1.204851	0.557421	1.651275	2.714154	-3.086159	1.925150	-0.208426	2.180266	-2.010808	0.575294	9.183266	-1.941709	-0.579911	-1.204851	10.895790	6.776792	9.234844	8.226133	3.278201	-2.151809	-0.734760	10.048592	17.732491	6.090556
ILK_Pathway_Regulation_of_intermediate_filaments	0.463969	0.463969	0.463969	0.463969	0.463969	0.463969	-2.386216	0.463969	1.484427	-2.345997	-0.033930	0.463969	0.463969	0.375192	1.937685	0.463969	0.463969	0.463969	0.463969	0.463969	0.463969	-2.796432	0.463969	-0.763056	1.845555	-3.296645	0.463969
ILK_Pathway_Regulation_of_junction_assembly_of_desmosomes	-0.405444	2.340483	2.340483	2.340483	2.340483	-0.931901	-0.509703	-5.785770	0.136590	-1.865703	1.418090	2.340483	-4.218230	1.776474	3.814198	1.137431	2.340483	2.340483	-3.430515	-1.766712	2.340483	-11.165913	2.340483	1.113457	3.722068	2.340483	2.340483
ILK_Pathway_Wound_Healing	-4.048727	2.292323	-2.487040	-2.753118	2.126249	2.523785	0.328936	1.764608	1.730170	-1.477186	-1.795697	-4.048727	-1.627945	2.771941	-0.387648	-2.697121	1.265044	-2.594442	0.166286	3.001113	3.648900	3.419099	-0.917116	0.554848	4.552237	2.645717	1.386808
Integrin_Signaling_Pathway	-30.350892	6.258329	-3.616086	-5.480418	15.071199	-23.209299	-26.816836	-29.151890	30.799830	66.496064	15.443228	14.159906	33.240217	7.119582	19.329566	-7.341698	-12.605410	-27.842716	10.021248	40.638302	24.742376	13.383791	-9.912758	35.039460	-1.276249	34.112138	33.356058
Integrin_Signaling_Pathway_Cell_survival	-4.840866	-2.063392	-0.108269	2.694648	-0.470734	-3.042097	-4.045987	-4.087953	5.908358	10.056291	1.806912	-3.810716	1.128380	2.236192	-0.477506	-4.277403	-2.919433	-5.099602	-0.858055	15.855767	6.217998	23.292815	1.719825	8.944071	5.175536	15.256544	8.162343
Integrin_Signaling_Pathway_Cytoskeleton_contraction_integrin_modulation_cell_invasion_and_migration	-10.453811	12.810922	-9.049414	-9.235555	-1.025708	-10.788183	-10.401681	-2.599173	13.497169	27.245434	-3.925985	-2.499470	-4.609441	-5.541632	13.018946	-11.651307	-9.332692	-10.372489	1.897464	-0.725563	-8.876023	7.935069	-10.589079	-3.893380	-5.673197	14.797614	3.005406
Integrin_SIgnaling_Pathway_Focal_adhesion_and_stress_fibers	0.270897	0.052482	0.692893	0.692893	0.692893	0.692893	-0.732200	-1.188414	-0.113194	-1.061145	0.369801	0.692893	0.109801	0.460135	-0.043964	0.456395	0.692893	0.692893	0.269415	0.511173	-1.655322	-1.601124	0.692893	0.692893	0.692893	-3.064168	0.072345
Integrin_Signaling_Pathway_Translocates_to_the_nucleus	0.000000	0.000000	0.000000	0.000000	0.000000	0.000000	0.000000	0.000000	0.000000	0.000000	0.000000	0.000000	0.000000	0.000000	0.000000	0.000000	0.000000	0.000000	0.000000	0.000000	0.000000	0.000000	0.000000	0.000000	0.000000	0.000000	0.000000
Interferon_Pathway	-28.066357	12.672759	11.940329	9.165573	-13.964093	-11.903117	-8.772825	7.962135	-6.165358	27.130955	-22.007547	-5.849234	44.956750	-24.607757	65.939131	-26.565222	-14.142934	-28.186815	10.475193	68.384360	48.361489	66.260579	21.065987	56.026004	14.068473	75.779342	45.162828
Interferon_Pathway_Gene_Expression	-1.158770	-0.518358	-1.158770	0.136840	0.448695	-1.158770	0.140408	1.299179	-0.352682	2.322227	-0.394880	1.862522	1.808077	-0.369520	0.956548	-0.034719	-1.158770	-1.158770	-0.124467	3.440036	0.911351	0.273861	1.056907	2.383463	2.366996	0.695153	1.052909
Interferon_Pathway_Transcription	3.729434	4.662438	0.100874	4.751156	-3.022500	-3.022500	-0.172315	-3.022500	-0.981586	-3.022500	-3.022500	-3.022500	14.785966	-2.312281	5.819791	0.166419	4.459746	-3.022500	6.933832	-2.295618	-3.022500	10.019104	-3.022500	12.996222	-3.022500	0.738114	7.660733
Interferon_Pathway_Translation	-2.009413	6.044178	3.638826	-3.697397	-3.697397	-3.697397	1.290428	0.600369	-3.187169	4.714973	-0.301872	0.363175	4.670377	-0.901525	0.677330	-1.417198	4.549721	2.288441	-1.631792	9.322573	7.834564	19.590834	5.315835	8.460754	-3.006605	18.654591	0.099066
IP3_Pathway	-0.224971	-31.974430	-8.338727	-30.949880	-10.034022	13.400168	-34.831821	36.835582	37.492247	28.625853	-28.772635	-30.744545	0.863670	-26.492070	-12.791154	-30.279879	-43.701894	-34.857621	-31.598607	18.320621	-6.094126	29.790272	-7.932575	3.786921	3.010998	-14.594583	-15.795133
IP3_Pathway_Gene_Expression	-5.047971	-5.460671	1.144951	2.852206	-1.285191	1.781276	0.353263	-1.032712	-1.211067	7.905916	0.691002	0.539147	-1.668513	-1.038232	-3.153047	1.807269	-0.859420	-2.515285	-2.079494	9.625949	11.004410	10.218548	1.517646	8.623322	1.017711	6.328902	11.007092
JAK_mStat_Pathway	-1.633677	23.988471	-3.051840	6.522176	1.937396	-14.222739	-18.218339	-6.897180	-5.128080	16.703814	-5.356151	-6.954191	46.862903	-5.031505	33.966303	-8.278143	11.276371	-7.326355	33.511169	13.676589	21.754682	70.564076	-21.954845	88.616987	33.378364	21.283455	45.628614
JAK_mStat_Pathway_Akt_Pathway	-1.351958	-2.917345	5.303135	3.108815	1.831539	0.996676	-5.478991	-5.478991	1.513835	2.473284	0.684312	0.204841	2.054846	1.070366	1.320086	-0.304020	-1.667456	-1.116135	-2.724851	1.408932	2.381439	7.404174	0.652148	-0.822172	-2.715821	7.509873	3.178240
JAK_mStat_Pathway_JAK_degradation	-1.010724	5.479310	-1.854716	-0.559107	-1.854716	-1.854716	-1.854716	-1.854716	1.369634	3.994467	-1.356817	-1.854716	0.724633	-1.765939	-0.381001	-0.435724	-0.607675	-1.854716	-0.477646	-1.854716	2.524060	-0.224515	-1.854716	0.815071	-1.854716	-0.374357	0.627476
JNK_Pathway	-21.986525	3.986656	-19.319930	-2.648737	-5.214654	-18.932151	-20.138901	58.110280	1.461411	24.682551	-10.416593	-11.901790	3.236811	0.599559	53.174781	-17.445910	-0.587442	-6.513192	-6.077640	19.459375	27.060230	38.393327	24.046668	51.740152	13.998968	77.205769	61.830729
JNK_Pathway_Apoptosis_Inflammation_Tumorogenesis_Cell_Migration	-0.570322	0.236992	-0.179900	-0.246420	-0.570322	-0.570322	-0.214049	-0.057642	0.595480	1.576506	-0.176633	0.018231	1.339590	0.284207	0.832206	-0.104462	-0.258562	-0.029414	-0.129352	1.320495	0.625481	0.717422	0.212581	-0.570322	-0.570322	1.073127	1.064182
JNK_Pathway_Insulin_signaling	3.552721	5.647865	-17.848258	-0.939415	-1.507510	6.928688	-11.552355	15.524220	3.642901	-3.448856	6.118561	0.481029	-1.228480	3.098751	6.928688	-0.871975	1.940524	11.291544	-3.207768	-12.922490	6.928688	2.315106	-1.205514	-6.577511	17.768864	-5.057398	7.659000
MAPK_Family_Pathway	-55.417111	14.717443	6.370077	-30.483954	36.291856	-50.286741	-17.604053	38.887595	-10.125924	67.650811	31.204725	-29.824686	25.906960	35.407109	-0.284480	-53.169986	-28.965575	8.838289	-14.826574	70.613123	40.449354	145.070428	-22.882574	72.813791	82.134411	113.018503	74.016639
MAPK_Family_Pathway_Chromatin_Remodeling	-2.015055	1.881811	-2.015055	-2.015055	-2.015055	-2.015055	3.890086	2.086385	0.025860	2.191131	-2.015055	-2.015055	1.023287	-0.711289	-2.015055	-2.015055	-2.015055	0.893516	-2.015055	2.284692	-2.015055	-2.015055	-2.015055	0.438996	-2.015055	-0.534696	-2.015055
MAPK_Family_Pathway_Cytoskeleton	-1.723606	0.903657	-1.723606	-1.723606	1.800938	-1.723606	-0.298513	3.403194	-1.723606	2.808752	0.846523	0.491729	-0.380928	-0.671376	-0.392265	-1.258593	-1.723606	-0.996463	-1.300128	-1.082399	-1.723606	-0.908505	-1.104758	-0.559401	-0.686509	1.289731	1.379134
MAPK_Family_Pathway_Gene_Expression	-1.875007	1.552311	-5.636456	0.635467	4.929308	-3.021834	-7.930409	2.323191	-4.869037	13.892468	-0.598945	-2.257921	5.231665	2.892599	4.478780	-6.511417	-4.118873	-5.293350	-5.176269	6.858086	1.825448	-0.519084	-2.904881	-1.768443	20.779260	0.104759	-3.549985
MAPK_Family_Pathway_IKBs_Degradation	-2.555261	0.193008	-2.555261	2.291584	3.874598	0.717122	-2.555261	3.596899	-2.555261	-0.452168	2.083432	-2.555261	3.387537	0.520881	4.243817	-1.609266	-2.555261	-1.100975	-2.555261	-0.352010	-2.555261	-0.925060	-2.555261	-0.674898	9.120327	1.739331	-2.555261
MAPK_Family_Pathway_Translation	-1.340272	3.981582	5.088811	-2.380451	-2.323347	-3.028256	0.534476	-1.595667	-1.718807	2.781933	0.589601	2.843263	5.195347	0.542370	2.856273	-0.596950	1.684383	2.957582	-3.028256	1.703896	8.503705	8.965733	7.550782	7.795002	-2.337463	11.813646	3.610895
MAPK_Signaling_Pathway	-51.681246	-3.811470	-17.425412	18.193401	-29.099844	-21.176005	10.718308	34.244795	18.035257	42.002214	-2.499319	-29.262974	20.429127	4.229179	49.687100	-46.672170	-35.084307	-37.640001	-11.901436	72.253318	57.145380	49.802727	36.295828	-3.362007	41.120969	33.155694	23.757792
MAPK_Signaling_Pathway_Cell_Servival_Cell_Militory_Inflammation_Apoptosis_Osmoregulation	-3.146883	-1.866060	-1.585195	-3.146883	0.508383	-1.069700	2.134453	0.954557	3.094824	4.122503	-0.750180	-0.514706	-1.107590	0.285672	4.009117	-1.810911	-3.146883	-3.146883	-2.299927	-0.944986	3.836731	-1.516682	-1.252966	-1.919857	-1.072689	-1.179722	-1.248651
MAPK_Signaling_Pathway_Gene_Expression	-3.601414	10.076985	-9.087361	8.345315	-4.153001	-5.452292	3.031220	-8.062001	1.194379	7.708170	-0.077716	-5.516446	4.000406	0.107025	0.956724	-2.653673	-3.554458	-4.760096	0.800612	9.872089	0.953692	9.034354	5.286570	10.592229	3.482129	2.371743	2.575006
Mismatch_Repair_Pathway	-13.471426	-31.643029	28.131459	-12.275592	-31.841682	-32.123646	-32.123646	90.419127	-26.494834	61.423268	-7.950037	-26.818287	-23.990720	-18.492469	-23.927790	-28.046578	40.303691	-31.311950	-32.123646	119.002755	-9.578602	20.237801	62.392981	-25.743115	158.818409	124.902194	-16.447204
Mitochondrial_Apopotosis_m_Pathway	4.090665	39.412363	-6.962477	-10.086409	-4.285083	1.283663	0.507379	-33.898112	-9.571501	19.509513	-5.730454	17.624534	-6.578363	3.645591	-16.156015	-13.335956	-7.086544	10.316399	12.806101	6.705844	30.499501	15.818823	19.600030	20.648967	-0.691638	24.776105	-10.463727
Mitochondrial_Apopotosis_m_Pathway_Apoptosis	2.174769	10.296538	-7.390332	1.330777	1.330777	2.369368	-5.052753	1.330777	-3.505748	-2.884173	0.686339	3.193093	4.739572	4.275089	-5.640181	0.688777	1.330777	-5.160121	1.330777	6.052162	9.110251	1.681483	2.568471	3.784827	4.093947	12.557954	-12.494460
Mitochondrial_Apopotosis_m_Pathway_Depolarization	1.080150	-0.868283	-0.481537	-0.215460	1.080150	1.080150	1.080150	-0.970570	0.059693	-1.844442	1.080150	-1.274061	-1.162460	0.115175	-0.393565	0.478624	1.080150	-1.083483	1.080150	0.426648	-2.227687	-2.440625	-0.157545	1.080150	1.080150	-1.041502	-0.818082
Mitochondrial_Apopotosis_m_Pathway_DNA_fragmentation	0.175645	0.175645	0.175645	0.175645	-0.529263	0.175645	0.175645	0.175645	0.175645	-0.875901	-7.466656	-0.630312	-0.725627	-0.043724	0.175645	-0.488132	0.175645	-0.551497	0.175645	0.175645	0.175645	0.175645	-0.443202	-1.664892	-0.861451	-0.194444	-2.269076
Mitochondrial_Apopotosis_m_Pathway_Gene_expression	-0.475725	2.140319	0.353698	2.115494	-1.885542	0.121876	-3.712460	1.574995	-0.046985	-0.185669	-2.641413	4.348430	0.605170	-1.372169	1.828882	-1.739053	-0.475725	3.142193	-1.852795	1.048193	4.664573	1.290814	1.343443	-1.129062	-1.634324	-0.812060	2.213789
mTOR_Pathway	-21.639680	13.033633	11.952983	-10.080157	-0.156315	-15.750742	-1.005202	-6.598053	-3.459809	33.703341	-6.663474	-1.007099	8.928624	-8.677894	5.469406	-18.720474	-17.932364	-16.440620	-42.711496	9.573224	36.087892	42.428768	9.390969	25.610005	-4.649636	69.036483	-3.096575
mTOR_Pathway_Actin_organization	-1.037610	2.156254	-1.881602	-1.881602	-0.471785	0.079133	-1.881602	0.169118	3.824254	0.925443	-1.352007	0.448594	2.057018	0.605295	-1.881602	-1.589157	0.900410	-1.881602	2.167483	-0.595256	-0.898019	0.540614	0.207218	0.407769	0.984379	3.582469	1.585037
mTOR_Pathway_Akt_signaling	-0.980707	-4.172780	5.815410	0.293575	2.950547	1.698253	-8.015249	-5.964529	6.211974	2.163508	0.537911	0.510500	3.575521	3.578035	-0.027207	-0.340525	-1.050905	-3.652393	-1.349925	2.134915	3.775396	11.309498	-2.333499	0.850343	-3.870494	11.468047	6.211693
mTOR_Pathway_Scanning	-8.406206	8.420271	11.441222	-3.383592	-5.498457	-3.929537	1.503069	-7.875551	-5.789304	13.518084	-0.587259	0.103486	-0.709985	-4.337984	5.725053	-7.048016	-4.943913	-2.939075	-17.215136	3.041956	15.352357	15.368505	4.629410	9.154474	-2.971095	25.766795	-4.689224
mTOR_Pathway_Translation_on	-0.150335	2.377396	5.497905	-1.838318	4.003131	-1.838318	1.011867	-6.991086	-4.440110	2.367867	-2.544000	3.242516	3.380415	0.465629	2.536409	-1.205861	2.874321	4.147520	-2.685274	-1.285359	7.028777	10.155670	5.937219	7.757915	-2.996918	6.337475	0.059913
mTOR_Pathway_VEGF_pathway	-3.426781	-1.709663	-3.426781	7.534021	1.729215	-3.426781	3.046691	2.303573	0.334960	-2.958453	-1.723543	3.289611	-1.094410	1.983746	-2.935543	4.945095	-3.011101	4.520414	-2.379797	4.868367	4.393018	6.373140	0.356326	1.517853	12.193112	8.125745	8.666707
NGF_m_Pathway	-7.363163	1.275797	-1.928832	0.960204	-1.440981	-7.785159	-7.785159	4.715486	1.817048	17.534761	-4.823322	8.868735	8.555222	1.525779	-2.080315	-3.122715	-4.078477	8.513267	-7.785159	-1.751232	5.369784	16.838251	4.591787	-2.470740	6.968801	6.912349	26.356340
NGF_m_Pathway_Apoptosis	-1.518990	-0.414548	-0.801294	0.228237	0.456653	-2.362981	-2.362981	1.738458	0.269651	4.767795	-1.218897	3.215059	3.484719	-1.053192	-0.889266	0.178896	-2.362981	2.709222	-2.362981	-1.709480	0.944855	1.157793	1.350103	-1.135956	1.785406	2.829344	13.989278
NGF_p_Pathway	-7.493760	13.595579	-11.562278	-12.749134	-5.581219	-14.785985	-15.392099	-2.121920	14.761956	41.328861	-13.686456	6.494877	10.276439	-6.834248	-0.160459	-17.727115	-0.907729	4.022755	-11.995805	17.730290	28.432789	19.901429	20.101684	-13.031390	1.124018	29.664976	25.051075
Notch_Pathway	-16.340001	4.002217	-12.498931	1.075572	-2.420645	-8.277662	-5.080499	-6.509865	20.280291	25.769523	2.354734	-8.430248	2.340834	6.513780	-17.183993	-13.033766	-17.183993	-15.729707	6.367974	30.971709	34.722716	40.481291	-0.780850	-15.956967	21.635592	-9.548773	1.552787
p38_m_Signaling_Pathway	-270.391282	55.520347	107.588579	280.583249	-175.143273	-141.073552	-91.782330	60.902123	-34.094266	207.890405	-155.747366	-177.840037	-6.934127	-109.325036	262.024854	-312.069445	-88.056617	-229.905461	-50.807803	442.726072	234.892427	205.258582	435.396339	151.116823	30.103181	224.940636	270.442495
p38_p_Signaling_Pathway	-84.913527	-35.510494	-42.226596	80.049827	-37.312506	-25.721474	26.738133	87.560801	-27.258199	58.594036	-78.902152	-33.787889	5.071391	-48.156021	51.802955	-87.168386	23.835634	-44.733976	17.360084	176.379987	8.861982	29.067278	131.276126	44.723608	-24.722384	42.479666	56.114714
p53_Signaling_m_Pathway	0.000000	0.000000	0.000000	0.000000	0.000000	0.000000	0.000000	0.000000	0.000000	0.000000	0.000000	0.000000	0.000000	0.000000	0.000000	0.000000	0.000000	0.000000	0.000000	0.000000	0.000000	0.000000	0.000000	0.000000	0.000000	0.000000	0.000000
p53_Signaling_m_Pathway_p53_Degradation	-1.848194	-0.567371	0.445758	-1.848194	-0.438377	-0.809603	1.388542	0.202526	-0.236020	3.710934	0.566443	1.773699	2.253983	0.978199	1.457311	0.618186	-1.848194	0.315438	-0.471124	1.283962	-0.372819	3.426816	0.045722	0.032168	0.691991	5.438784	0.499851
PAK_Pathway	-27.127497	-26.560077	-37.849565	-17.043919	-34.181520	-71.085316	-38.072815	51.575078	95.196684	105.148948	-43.605725	-35.580968	10.967577	-39.169036	-28.889418	-16.959768	12.490288	-5.063330	22.154896	33.755728	97.544516	82.946922	4.334831	39.527855	12.378752	179.146209	94.612537
PAK_Pathway_Actin_Cytoskeleton	-34.468293	27.766768	-39.048232	9.192928	-17.758929	-38.852659	-43.147661	53.147982	37.595154	45.572942	-11.830718	-10.748523	29.501573	-22.230889	-36.180393	6.706678	6.889359	18.473936	29.159762	86.491433	77.835544	122.505220	54.739581	63.855023	84.742029	119.888883	41.120339
PAK_Pathway_Myosin_Activation	-2.131371	-43.958352	-12.715573	-26.602174	-24.031062	-54.965683	-9.759929	18.397002	81.678994	74.088148	-38.351887	-20.891634	-12.524559	-29.077567	-4.457557	-25.508338	13.007963	-31.348111	2.723725	-43.550764	46.486689	-17.068047	-39.009632	-10.772724	-48.671080	109.507521	68.569832
PPAR_Pathway	-24.161850	5.844409	9.896520	9.780381	-9.489282	-6.160321	-20.275164	23.597582	-7.140848	18.108573	3.829081	11.616607	5.659923	19.109050	-6.269835	-7.070197	-7.286959	-20.526704	1.684832	23.622074	28.956911	44.894488	17.253383	38.347731	33.606851	25.733036	33.361667
PTEN_Pathway	-17.146274	10.942610	-20.089406	8.496584	-4.991972	-13.255196	2.534874	5.691990	6.291456	21.525334	1.571810	-5.855899	33.885808	4.010935	-12.198773	4.428038	-15.537755	-22.029293	15.321782	38.230877	12.572923	29.834674	10.728359	16.322180	25.631229	33.984582	2.565383
RANK_Signaling_in_Osteoclast_Pathway	-7.624878	-6.497305	-1.317068	-5.762882	17.022099	-10.237369	2.357696	7.186848	-1.637850	6.510708	3.870755	6.893656	13.426297	2.405842	1.110788	-3.344081	5.024000	-4.625594	11.257645	49.239798	44.119595	38.496054	2.614952	32.870178	26.222926	8.329792	34.584427
RANK_Signaling_in_Osteoclast_Pathway_IKBs_Degradation	-4.036037	0.665259	3.301825	-0.571205	4.212639	-2.693610	-2.981748	-1.381953	-1.840822	5.325652	-0.480196	8.371406	-1.781385	-0.746552	-3.364351	-2.537000	-3.834513	-3.730891	-2.517772	17.473731	15.727893	21.696306	11.831280	16.860585	-4.458033	15.026043	-2.663463
RAS_Pathway	-46.981632	15.009962	-42.681881	-17.304327	-2.678521	-11.849292	-10.098431	56.291885	18.865433	41.426803	4.609805	-38.308904	27.566687	-6.657799	20.001166	-38.010063	-23.207789	-19.842157	2.491646	85.388788	43.850910	67.557004	23.505419	71.572924	55.894442	96.175482	86.529600
RNA_Polymerase_II_Complex_Pathway	3.562948	13.685885	-12.102831	-5.624784	-3.643927	-11.064240	-12.102831	-1.849231	18.186500	10.952512	-11.145505	-12.102831	18.866973	-7.618325	0.190636	-10.302278	-9.126888	0.681360	-2.463340	10.945944	-12.102831	-12.102831	-12.102831	12.987445	-0.402806	24.843104	-9.135865
SMAD_m_Pathway	-210.276347	-275.857144	85.060273	71.695961	118.120193	76.123327	195.567333	17.617623	-124.709655	46.658436	249.946709	111.128550	221.127317	164.264673	155.586860	89.296451	-267.038490	-69.929035	-252.721278	449.007681	195.887210	550.273018	172.337897	-73.317399	165.854544	139.916449	221.557707
SMAD_m_Pathway_Degradation	-7.873928	-11.093250	5.702016	5.503381	5.729401	-1.279831	-1.801470	4.520770	-6.612619	7.205531	3.422076	2.001682	9.910825	2.939301	6.510846	0.216360	-11.117813	-2.516320	-8.610360	12.994891	-3.783842	5.092538	-0.151801	-4.909629	4.632985	9.249828	0.167189
SMAD_p_Pathway	-232.097727	-310.927407	98.145879	80.440837	139.835207	93.326467	209.992310	41.565594	-158.277945	37.996785	302.273895	133.341990	259.898202	191.404232	190.620356	103.581432	-343.208917	-66.414793	-280.566996	491.411523	237.697874	572.097738	129.773323	-69.755805	197.645462	139.341618	235.490665
SMAD_p_Pathway_Degradation	-7.873928	-11.093250	5.702016	5.503381	5.729401	-1.279831	-1.801470	4.520770	-6.612619	7.205531	3.422076	2.001682	9.910825	2.939301	6.510846	0.216360	-11.117813	-2.516320	-8.610360	12.994891	-3.783842	5.092538	-0.151801	-4.909629	4.632985	9.249828	0.167189
STAT3_Pathway	-11.262225	4.613725	12.836681	41.683917	29.993772	-28.214897	-30.025413	-33.146164	5.376934	8.143670	-10.300751	-5.424405	2.541373	9.140687	-26.835880	-17.608902	-26.847106	-35.822855	-15.433748	27.655221	43.317387	25.599471	-5.995743	5.565755	-15.527978	27.991671	48.723642
TGF_beta_Pathway	-28.554397	-17.881920	5.572534	19.830105	7.421336	-11.368391	-5.028460	1.468218	-23.330683	51.871657	-4.183489	-8.066104	-3.361741	17.162507	3.491804	-24.212170	-8.510145	-31.352221	-18.386255	43.352343	11.404784	42.481027	-1.500854	11.973160	-17.927016	14.589872	5.472335
TGF_beta_Pathway_Epithelial_mesenchymal_transdifferentiation	-0.387586	-1.377503	3.332857	-0.348366	1.422949	0.588086	-5.887582	-2.124967	2.717419	2.064693	1.750031	-0.203749	2.282615	0.807953	-0.562220	-0.712611	-2.076047	-2.979012	-3.133442	2.476221	3.448224	11.583617	-2.099749	-0.003738	-1.050218	9.222933	4.010745
TGF_beta_Pathway_Post_transcriptional_G1_arrest	-3.997419	-1.435773	-0.123220	-3.997419	-3.997419	-3.997419	-1.147234	10.070731	5.865976	2.759198	8.215665	-1.378844	4.253534	-0.781995	-3.997419	-0.923097	-3.997419	-2.543134	0.230607	2.834532	1.332311	-3.997419	-1.522030	-1.543369	1.082950	7.565869	-0.200956
TGF_beta_Pathway_SnON_degradation	-7.417532	-4.011309	-0.058779	1.281828	2.728274	0.621242	2.467609	-3.173023	-7.393787	14.955478	4.546689	0.411813	0.994419	11.177316	0.244993	-0.864258	-8.339538	-5.259825	-7.165882	10.854074	9.578593	14.088850	-4.029112	2.057770	3.103722	4.370228	3.371021
TNF_m_Pathway	0.092434	9.389956	4.846204	-4.159430	1.448625	-2.182656	5.909526	-5.455039	-4.434582	-5.455039	0.252365	-2.836464	0.031021	8.334219	-1.033893	-2.822426	-2.960957	-2.546468	-3.134985	6.195948	3.113103	6.681858	0.862851	2.839857	-2.691869	5.868974	1.166945
TNF_m_Pathway_Apoptosis	-0.796580	5.607535	0.765107	-0.796580	-0.796580	-0.796580	-0.796580	-0.796580	-0.796580	-0.796580	0.989364	-0.796580	-0.328247	2.968174	0.677135	-0.621113	-0.796580	-0.796580	-0.796580	1.080104	2.749803	2.068681	-0.796580	0.430445	0.585005	6.565309	-0.796580
TNF_p_Pathway	-5.362644	-8.762412	-6.415182	-4.192719	-8.944852	-8.978027	-8.083851	-0.619353	15.337031	36.022007	-5.842638	-9.336676	-2.717580	-5.599838	12.049885	-3.504864	-3.314995	-8.335337	7.418358	4.856043	-8.974191	7.866649	2.784969	-3.555004	-5.690923	-0.566044	5.011820
TNF_p_Pathway_Gene_expression_Cell_Survival	-0.741061	-5.218072	-1.730451	-1.654071	-7.232618	-7.232618	-7.232618	-0.476904	8.788828	22.729585	-3.822002	-7.232618	-0.684421	-3.736891	9.028217	0.868895	-0.898142	-5.778333	4.232609	-0.207333	-5.019555	-0.757519	5.222348	-3.471893	-5.425922	-0.644245	1.783621
TNF_p_Pathway_IKBs_degradation	4.195812	-1.711329	2.876626	0.387247	-4.459597	-4.459597	-4.459597	3.321477	0.249446	4.059511	-2.028874	-4.459597	-0.381013	-3.806811	-0.038451	6.225442	1.492289	-3.005312	-0.931835	-1.894772	-1.508846	-2.829397	11.321895	-2.579234	-4.459597	-1.645364	-1.977405
TRAF_m_Pathway	-37.817888	-10.243423	-38.892740	2.054995	-16.324367	-35.796925	-34.665586	55.747545	26.253945	89.684444	-18.416698	-38.762499	3.397112	8.532308	77.737331	-20.785310	47.032961	22.211401	-2.613407	46.683863	30.256988	105.088950	43.685919	62.636975	54.452283	81.034388	76.168696
TRAF_m_Pathway_IKBs_Degradation	0.638099	0.230938	-1.049885	0.245724	-1.049885	-1.049885	-1.049885	1.000835	0.562290	1.521656	-0.551986	-1.049885	0.989407	0.509345	-1.049885	-1.049885	1.444197	1.113747	-0.202929	7.834011	5.565788	5.440448	1.425504	4.349809	12.890880	6.887025	8.848442
TRAF_p_Pathway	-27.523775	-17.049395	-32.270408	-6.003956	-9.440557	-41.966280	-42.610214	53.949527	26.853107	96.061951	-22.195297	-41.813808	6.066861	1.214515	61.099010	-24.606211	40.077909	18.637548	-3.533157	44.452381	27.297399	81.164117	37.262509	52.169128	29.220096	56.810779	71.252132
TRAF_p_Pathway_IKBs_Degradation	0.638099	0.230938	-1.049885	0.245724	-1.049885	-1.049885	-1.049885	1.000835	0.562290	1.521656	-0.551986	-1.049885	0.989407	0.509345	-1.049885	-1.049885	1.444197	1.113747	-0.202929	7.834011	5.565788	5.440448	1.425504	4.349809	12.890880	6.887025	8.848442
Transcription_of_mRNA_Pathway	260.094570	96.553741	-465.883493	-236.658310	-403.956723	-323.305901	-375.034368	261.455272	507.962003	678.773211	-172.331079	-429.207513	-36.361209	11.547878	400.120610	-264.663122	139.027562	253.784104	-132.740434	183.311176	-23.597260	206.329227	-129.378749	-49.053477	265.569405	188.647559	-0.742764
Ubiquitin_Proteasome_Pathway	-490.664388	-588.327379	294.892156	50.693630	43.256803	-199.892337	135.049479	-184.337395	525.242027	414.087404	35.021076	63.588332	171.997567	507.580174	-28.135790	197.127831	-486.062274	355.222793	-159.413572	-167.756879	-215.091627	80.976790	490.997888	-54.048743	51.424928	-220.408837	753.292671
Ubiquitin_Proteasome_Pathway_Degraded_Protein	-5.905545	-5.905545	3.074552	2.011781	4.281296	-0.159760	3.334976	-5.905545	-0.326674	5.500465	2.302687	2.955791	3.482377	3.110072	0.133662	6.387368	-5.905545	8.210564	-2.377783	-3.752318	-2.954794	-2.645144	7.718772	-3.451495	-3.142375	-4.425186	-1.084060
VEGF_Pathway	-13.979633	3.971847	-11.494050	0.632121	-3.847679	-7.144064	-1.267333	0.773496	4.804960	27.550334	18.563083	-3.341873	13.132099	-9.805585	-10.112362	-7.742984	-15.398831	-5.501679	8.606612	46.388541	31.418432	42.892209	8.239961	20.385308	15.528891	30.214725	9.178161
VEGF_Pathway_Actin_Reorganization	-1.165632	-0.135512	-2.538596	3.515955	2.390089	-2.538596	-2.538596	1.562844	-0.926421	2.374463	0.454807	-0.926681	7.137744	-0.859294	-2.538596	4.157571	-2.538596	-1.084310	0.849228	-1.885094	-2.538596	-0.162550	2.412183	-2.538596	2.987745	2.642661	-0.056404
VEGF_Pathway_Nitric_Oxide_Prodaction	-0.413367	-0.413367	-0.413367	-0.413367	-0.413367	-0.413367	-0.413367	-0.413367	1.617211	1.689726	1.205697	1.940844	1.105804	2.291897	-0.413367	1.009561	1.492401	1.040918	2.472132	4.622278	-0.413367	-0.413367	-0.413367	0.813658	-0.413367	0.326812	1.484865
Wnt_Pathway	-19.220630	0.058104	-10.426703	-0.453389	-4.612415	-8.406679	-21.419828	12.079885	41.432067	10.969588	0.301120	2.010808	3.154889	10.865508	12.960906	-3.187128	-24.723113	-19.149025	-10.809348	19.577347	-32.679695	28.304811	-6.943180	-18.051148	-20.438728	10.196937	41.691589
Wnt_Pathway_Ctnn.b_Degradation	-0.235452	-0.235452	-0.235452	-0.235452	-0.235452	-0.235452	-0.235452	-0.235452	2.119070	-0.235452	-0.235452	-0.235452	-0.235452	2.225624	-0.235452	-0.235452	-0.235452	-0.235452	-0.235452	0.854871	-0.235452	-0.235452	-0.235452	-0.235452	-0.235452	1.244907	4.586034
X0_IL_6_Pathway_IKBs_Degradation	0.000000	0.000000	0.000000	0.000000	0.000000	0.000000	0.000000	0.000000	0.000000	0.000000	0.000000	0.000000	0.000000	0.000000	0.000000	0.000000	0.000000	0.000000	0.000000	0.000000	0.000000	0.000000	0.000000	0.000000	0.000000	0.000000	0.000000
