Path_way_name	Normal_1_S	Normal_2_S	Normal_3_S	Normal_4_S	Normal_5_S	Normal_6_S	Normal_7_S	Normal_9_S	Normal_10_S	Normal_11_S	Normal_15_S	Normal_16_S	MM1_S	MM2_S	MM3_S	MM4_S	MM5_S	MM6_S	MM7_S	MM8_S	MM9_S	MM10_S	MM11_S	MM12_S	MM13_S	MM16_S	MM17_S	HL1_S	HL2_S	HL3_S	HL5_S	HL6_S	HL7_S	HL8_S	HL10_S	HL11_S
AHR_Pathway	8.440447	0.944514	0.229572	5.140299	-1.440909	5.966358	1.714678	-3.760724	-6.146989	-3.088848	-6.214279	-1.784119	10.426171	11.004246	5.622535	9.646182	5.986250	-3.174240	-3.326450	-0.920511	7.755662	-2.977161	7.822084	0.928694	-4.763139	-0.458795	-4.388084	2.467586	-5.838562	3.520793	-0.851037	-5.408734	-0.535747	-3.191908	2.617419	-2.776618
AHR_Pathway_AHR_Degradation	5.356408	0.307255	-0.205780	3.701812	-1.034193	3.832921	1.578337	-3.484201	-3.263822	-1.116782	-4.214116	-1.457839	6.687778	7.265866	3.787403	6.586781	3.478749	-4.214116	-1.511500	-0.033132	7.588303	-3.537120	6.966940	1.443682	-1.512149	-0.125691	-2.309749	1.843690	-4.214116	4.288771	0.493990	-3.400895	0.953714	-0.847658	2.202101	-2.974089
AHR_Pathway_C_Myc_Expression	7.817619	0.077638	-0.956559	5.445284	-1.713132	5.445849	1.865000	-5.019628	-5.019628	-1.675577	-5.019628	-1.247238	9.541094	10.078972	5.690531	8.900319	4.211810	-5.019628	-5.019628	-0.585631	12.684000	-5.019628	11.751957	3.467070	-2.121355	0.645505	-5.019628	2.962851	-5.019628	5.183836	2.042530	-5.019628	1.181768	-5.019628	3.413772	-5.019628
AHR_Pathway_Cath_D_Expression	0.486971	-0.883581	-0.194780	0.940550	-0.828631	0.243011	0.707156	2.545064	-2.793802	-0.538608	1.599289	-1.282639	3.837993	2.355762	1.694760	1.787021	1.415220	9.116993	-1.854610	2.121055	3.119574	-2.549937	3.121558	-0.299654	-3.343645	0.036100	9.116993	6.456166	-0.013454	3.855736	1.190180	-0.048428	2.299773	-0.042639	4.519109	9.116993
AHR_Pathway_PS2_Gene_Expression	0.000000	0.000000	0.000000	0.000000	0.000000	0.000000	0.000000	0.000000	0.000000	0.000000	0.000000	0.000000	0.000000	0.000000	0.000000	0.000000	0.000000	0.000000	0.000000	0.000000	0.000000	0.000000	0.000000	0.000000	0.000000	0.000000	0.000000	0.000000	0.000000	0.000000	0.000000	0.000000	0.000000	0.000000	0.000000	0.000000
AKT_Pathway	17.182101	1.032454	-5.265206	8.629872	-7.361070	4.896319	3.190897	-6.562429	-12.521725	-15.149650	10.123445	1.804991	5.273866	13.520701	1.938031	14.307911	5.398633	-16.080229	5.864405	-18.295913	-19.552274	-29.979465	-46.355017	4.443598	-14.904527	2.750630	3.220470	8.744497	2.121660	-30.985721	-6.865329	1.998178	-12.466348	-7.443705	-12.394548	-47.743019
AKT_Pathway_Aggregation_._Neurodegeneration	1.897142	1.793973	1.511110	1.333097	-0.234516	-1.032913	2.863509	-1.281833	-2.386570	-0.439519	-2.142649	-1.880832	0.797270	3.911189	2.240686	4.146371	1.743538	1.630315	0.453098	-1.151031	-6.169616	-6.569919	-8.790635	0.518372	4.703525	-1.798165	1.002534	2.752718	3.276912	-3.946478	3.064960	-3.391868	-0.126574	2.139368	1.787645	-3.208296
AKT_Pathway_Apoptosis_Inhibition	10.038193	-3.732896	0.628706	4.597898	-1.659307	5.872680	1.190298	-1.901878	-6.397948	-7.039321	-2.274220	0.677796	6.019201	7.454864	2.228249	5.262982	4.477752	-6.584279	-10.264799	-2.068209	-10.940513	-6.158662	-2.820499	-0.021469	-4.231910	-3.396691	10.516537	-2.080858	0.400770	-0.110060	-0.838271	-8.947887	-10.549567	2.363034	-1.732442	-3.982039
AKT_Pathway_Blocks_Apoptosis	2.445999	0.027145	-0.245479	1.176514	0.024087	0.838434	-0.213129	0.975852	-0.915294	-2.023248	-1.081640	-1.009241	2.080688	3.809772	0.357701	2.465880	0.995668	1.644818	1.488750	-3.200139	-0.009572	-2.738052	-4.009116	-0.159590	1.833638	-0.113476	-0.554902	0.373075	0.558666	-1.562633	4.405328	0.631020	-0.658481	-1.526908	0.585266	3.372590
AKT_Pathway_Cardiovascular_Homeostasis	8.071313	-1.093292	1.650474	2.080538	0.138499	1.182672	-1.052288	4.180723	-0.515951	-2.882248	-3.880063	-7.880377	4.872563	5.509730	2.941814	5.534671	3.699558	-4.290956	3.920021	-8.348635	-1.636025	-3.258392	-4.558453	-2.203715	-0.710802	-4.186668	2.444160	-4.204454	-1.494774	2.183263	1.455051	10.190681	-8.256245	13.285869	7.167849	-4.282344
AKT_Pathway_Caspase_Cascade	-2.068194	2.780786	-4.483255	0.644164	-2.696386	2.212871	-1.544807	-3.423549	-3.151761	-0.176840	2.390032	9.516940	2.800270	2.426880	3.026199	-3.596272	-2.302053	7.196471	-3.738923	-6.028882	-2.449825	-1.853819	1.454095	-1.305799	5.488464	2.975589	-0.364460	3.648098	9.455881	-1.384064	3.377797	5.860504	2.722028	0.876690	6.237906	0.467088
AKT_Pathway_Cell_Cycle	-1.794812	0.460911	0.753801	-1.240977	-0.130058	-1.283761	-0.030176	1.584418	1.547306	1.929564	-1.848828	0.052612	-0.875324	-1.477559	-0.392820	-1.938149	-1.573886	3.044248	-0.380126	-1.751951	1.446668	1.690254	-1.345533	1.025379	3.044248	-0.379044	0.488425	0.858603	0.015649	-0.356907	0.070764	-1.101434	-0.560636	0.948828	0.233114	-0.837177
AKT_Pathway_Cell_Cycle_Progression	-0.945655	0.643996	1.130367	-1.203343	0.524495	-1.901789	0.770995	2.526443	0.958693	2.671242	-3.386348	-1.789096	-0.541285	-0.531455	0.190149	0.087733	0.071288	-0.875739	1.263152	-1.966053	-1.254727	1.008007	-0.978734	4.598396	3.089720	-0.812071	7.700008	4.722321	3.858712	-2.235364	-0.542374	2.175022	2.263770	0.763774	9.406440	1.424491
AKT_Pathway_Cell_Survival	-1.068206	-0.431757	-0.288076	-0.573405	0.193090	-1.076268	0.392847	0.995571	0.753059	0.812191	-0.013156	0.304110	-0.863173	-0.955189	-1.096795	-1.575021	-0.703797	0.569252	-0.882289	0.359573	-1.660672	0.792494	1.456679	-0.685280	-0.682517	1.882097	0.831404	-0.077699	0.617161	1.462195	-0.835973	-0.137426	1.837409	1.134356	0.498074	0.043176
AKT_Pathway_Death_Genes	1.356882	-0.245693	-1.860978	1.484400	2.808286	1.847783	2.553336	1.787082	-2.893537	-1.648689	-2.775686	-2.413185	2.328489	1.945480	1.205266	0.479650	-1.202240	7.401409	-4.993949	-2.030486	-8.787448	-5.355657	-6.709993	-6.341054	-0.671245	6.614210	-0.561667	-2.404791	1.361736	-1.209401	-2.075118	-3.162471	0.001433	-2.273829	1.679093	-10.465161
AKT_Pathway_Elevation_of_Glucose_Import	0.897667	3.867540	2.398186	1.581528	1.839376	-0.729105	0.997742	-1.679584	-3.941224	-6.878023	0.333671	1.312227	1.167077	-0.153475	1.533338	-0.373868	-2.123823	5.330283	2.022747	0.366494	9.041667	5.980328	-11.059578	3.525282	5.721265	-1.307857	4.245763	6.432181	-1.301682	-1.812512	-0.414650	-0.975429	-3.600538	1.297700	-0.020943	-15.718280
AKT_Pathway_ERK_Pathway	1.712232	0.177503	-0.062379	0.876427	-0.019352	0.653961	0.402956	-0.498069	-1.024942	-0.772243	-0.386521	-1.059574	0.686273	1.145602	0.644479	1.202967	0.850708	1.127304	-0.712956	-0.901536	-1.050813	-3.714531	-3.575477	0.165360	-0.005869	-0.406337	0.132594	1.170555	0.825680	-0.737319	-0.044834	-0.054500	-0.855340	-0.950204	0.065040	-2.588471
AKT_Pathway_Genetic_Stability	1.223717	0.379936	1.025990	1.994914	0.785585	0.558139	0.623145	-0.183902	0.270539	-1.445334	-3.079793	-2.152935	2.754964	1.695791	0.649655	3.815106	0.818076	0.655318	-2.977883	-1.830769	-2.287997	-7.070683	-3.524262	3.347990	0.960535	1.787724	-0.419476	6.690730	-4.191732	-1.116258	1.256149	0.249379	-3.416123	0.261594	10.371714	-6.608281
AKT_Pathway_Glucose_Uptake	11.929002	-3.995495	-0.583872	8.153229	-0.832729	9.848811	-0.415251	-5.673167	-7.237849	-5.840667	-2.806880	-2.545132	7.121826	10.699917	5.126907	11.659892	9.214647	4.189834	4.143888	-1.912281	-0.392572	-15.977259	-10.623065	-8.268327	-9.723640	-3.612611	-1.452820	-0.358489	-3.370519	2.743617	-0.678397	-0.825275	-5.669375	-2.155623	2.395288	-1.588307
AKT_Pathway_Glycogen_Synthesis	-1.794812	0.460911	0.753801	-1.240977	-0.130058	-1.283761	-0.030176	1.584418	1.547306	1.929564	-1.848828	0.052612	-0.875324	-1.477559	-0.392820	-1.938149	-1.573886	3.044248	-0.380126	-1.751951	1.446668	1.690254	-1.345533	1.025379	3.044248	-0.379044	0.488425	0.858603	0.015649	-0.356907	0.070764	-1.101434	-0.560636	0.948828	0.233114	-0.837177
AKT_Pathway_Insulin_Stimulated_Mitogenesis	1.752588	1.658716	-0.813184	1.014514	0.918461	-0.094968	1.345171	-2.207457	-4.430828	-2.891701	1.822535	1.926153	1.309525	2.029913	0.999663	1.182259	0.052583	3.005298	-3.799863	-1.410173	-1.596493	-24.553554	-7.670021	2.191937	-3.232709	2.951873	1.966483	2.774774	-0.158347	-3.922897	0.789872	-1.665489	-1.599161	-2.690545	-1.353188	-14.861272
AKT_Pathway_JNK_Pathway	4.510605	0.391467	-0.573456	1.771076	-0.684162	0.956571	0.455411	1.014486	-1.580495	-1.955439	-1.910233	-2.395831	1.888923	3.479702	0.013532	4.040641	0.955151	1.420611	-0.224327	-0.766166	-0.900041	-3.167520	-8.233886	-2.031758	-0.243217	-2.722203	2.511701	0.732755	0.433812	-0.273052	-0.195680	2.964562	-1.507852	0.586294	2.711497	-3.689294
AKT_Pathway_Neuroprotection	-3.189264	4.442907	-0.878221	-1.092188	1.581898	-3.256836	0.421527	-0.090398	2.298178	3.950350	0.728138	-4.916091	-3.274110	-2.872455	0.349665	-0.451114	-1.074922	11.093495	7.412975	-1.537933	6.737261	-8.699463	-11.481411	0.682909	4.208436	1.771342	-9.986162	6.763079	2.901949	-2.839214	0.658937	8.729887	7.128206	-6.163851	1.992602	-6.371844
AKT_Pathway_NF_kB_Pathway	5.329316	0.255540	-1.110440	2.678909	-1.557686	2.729287	1.557083	-5.242777	-3.653776	-1.735712	4.874185	-4.123929	2.166411	5.535875	0.402782	5.055775	0.481780	-8.503268	-4.525212	-9.799356	2.705362	-4.962753	-17.908831	0.212346	0.461586	-0.328369	-10.492688	-8.416765	-0.705023	-12.232513	-2.757260	-3.752189	-4.871013	-0.303323	-5.864090	-8.494655
AKT_Pathway_p53_Degradation	0.101252	-0.243802	0.660083	-0.375562	0.144673	0.181290	-0.163215	0.869199	-0.340816	0.173225	-0.300498	-0.705829	-0.243235	-0.808160	-0.258651	-0.154005	-0.330907	0.632168	4.776674	1.340923	-1.701429	-0.798808	-1.274999	-0.817761	-1.086581	1.589768	1.585526	0.417634	0.364764	-0.115403	0.440958	0.073459	0.047436	0.196858	-0.181787	1.432078
AKT_Pathway_p73_Mediated_Apoptosis	-5.807274	4.248246	2.451967	-2.257912	3.898047	-6.067129	3.370418	-2.586220	-6.366499	-2.272806	6.024834	5.364329	-5.126922	-6.250178	-0.314933	-6.008050	-3.885174	10.522418	6.841899	-0.885176	-2.883428	-3.223232	1.116856	1.158520	-6.407410	7.455136	8.532998	10.608921	9.919170	6.793173	4.441909	8.158811	6.557130	-9.628794	-0.035509	3.090869
AKT_Pathway_Protein_Synthesis	-2.348414	0.812853	-0.358967	-1.012837	0.528869	-1.022893	0.249423	-1.712256	-0.088711	1.811878	1.811878	1.329177	-0.476900	-1.771402	-1.315613	-2.463663	-2.177158	-0.106867	1.811878	1.811878	1.811878	0.457884	1.811878	1.811878	1.811878	1.811878	1.811878	-0.848949	0.678734	1.811878	1.811878	1.811878	1.811878	1.811878	1.811878	1.811878
AKT_Pathway_Regeneration_of_Cyclic_Nucleotide	3.103543	1.621932	-0.555441	1.017465	-1.979512	-0.997910	0.556356	-1.513790	-0.801547	-0.203485	-5.818323	5.570714	1.332871	2.439302	0.498259	4.037869	3.772362	-8.120937	-2.641112	-5.600857	-9.448752	-13.742627	6.332888	2.025819	2.593798	0.847407	2.219417	1.018585	3.714573	-11.850182	-2.374929	-10.484545	-12.086225	2.510798	-5.481759	-8.112324
AKT_Pathway_Respiratory_Burst	-0.011581	2.536786	1.708967	3.216492	0.778838	-2.420535	1.298379	-1.006183	-4.590385	-7.686321	3.589676	2.585867	1.747301	-0.487369	1.494600	-3.159948	-0.512127	-7.716246	1.182061	4.107367	2.328717	-11.907710	-8.709400	-2.252043	-1.217032	3.096974	2.567775	4.553603	5.249221	-0.373295	0.902759	2.544812	1.736799	-3.888049	-0.451005	-10.870240
AKT_Pathway_Survival_Genes	5.620999	3.749250	1.496375	2.848752	1.745425	3.636918	2.533856	-3.347762	-4.925311	-4.312229	-5.175917	-3.870355	4.404346	4.569248	2.885914	4.513571	2.944515	-4.642050	-1.376592	-3.714891	-2.791794	-9.483885	-9.344831	1.085089	4.266567	1.647955	-2.850285	2.008253	2.442433	-6.506672	1.942992	-0.102914	0.585073	3.432795	2.478908	-3.397716
AKT_Pathway_Synaptic_Signaling	0.088111	-2.178828	4.367832	2.174995	-1.525199	5.473717	2.410102	-6.542792	-4.385442	-7.365314	12.335106	-4.852289	4.195254	4.393473	2.089236	6.238290	2.157289	9.189762	-7.187453	7.635653	-8.201025	0.006995	-15.775018	6.763092	4.002947	3.381902	11.788894	13.449430	7.546184	-7.260541	5.603957	8.850729	0.653922	12.939950	9.964568	0.564389
AKT_Pathway_Translation	-0.473328	0.740755	-0.288233	0.311474	0.209099	-0.480815	0.022304	-0.761896	-0.520359	-0.464326	0.236544	1.468780	0.153538	-0.300384	0.110554	-0.687223	-1.080806	1.345160	-0.093293	0.120783	0.892754	-0.576495	-0.269970	1.636011	1.534747	1.992862	0.249570	0.190257	1.039816	0.138929	1.352681	1.491311	1.270966	-1.535870	2.304532	-0.111282
Androgen_receptor_Pathway	25.189280	-29.208272	-24.012402	-3.170716	-6.183254	-15.517979	-9.452895	59.543305	29.966593	29.744363	-57.336203	0.438179	-14.953190	18.564067	-52.405529	-6.267822	17.225379	12.646381	-11.812383	-17.690052	-37.422056	18.208151	-8.809256	-2.054125	-12.731275	-12.399614	31.997420	9.448912	-7.469066	-68.237117	-67.265561	-27.776401	-4.216705	47.867328	-51.812988	-16.667566
Androgen_receptor_Pathway_Apoptosis	1.685068	0.942013	0.483680	1.000833	0.320011	-0.416148	2.132114	-3.456419	0.579165	0.532732	-2.134840	-1.668208	1.156701	0.861466	1.070788	0.798431	1.098248	-4.722882	-2.412961	-0.458245	-5.558935	-7.421813	-0.845214	1.533231	-3.632086	1.026150	0.457761	-0.259553	-0.265265	2.706035	-0.660927	-0.865709	-0.813142	2.909005	-1.480664	-2.546272
Androgen_receptor_Pathway_AR_Degradation	-25.001419	-26.080630	-20.697155	-25.266714	-10.638606	-50.723716	-5.241640	51.638610	39.768836	38.837113	13.681988	19.723334	-45.674412	-25.196826	-68.188147	-51.680279	-5.515683	56.640928	7.435070	2.728566	23.470690	50.401242	43.085339	-6.083073	7.115796	8.597873	43.859699	5.711021	14.357597	24.035867	-52.025688	25.457803	41.929484	13.092088	-9.175626	37.460455
Androgen_receptor_Pathway_Cell_Survival_._Cell_Growth	4.380773	1.237591	-1.627026	2.564082	0.658907	5.836681	-0.254202	5.050859	-0.185204	-1.850402	-18.177466	2.365406	2.463495	4.184069	1.323930	4.183456	1.286043	-6.204897	-6.316576	-5.635668	-5.087086	2.249761	-14.217243	2.459075	-1.306008	-2.107404	-5.119823	3.753128	-3.192588	-4.791866	-0.395357	0.270706	-0.953068	1.756955	1.355363	-10.954233
Androgen_receptor_Pathway_Gonadotropin_Regulation	5.082687	-3.725629	0.244732	-1.279447	3.076629	-1.578277	-0.747225	7.659591	-0.039122	2.770540	-5.277016	-6.187462	-1.593924	4.083001	-5.507464	0.052052	2.584953	7.308698	3.560199	4.264714	-3.515079	-0.752492	3.894820	0.010276	0.039173	3.787906	11.168366	2.711194	1.361046	-16.597417	-6.529323	-11.026968	1.049518	7.928590	-5.778921	6.966706
Androgen_receptor_Pathway_Histone_Modification	5.082687	-3.725629	0.244732	-1.279447	3.076629	-1.578277	-0.747225	7.659591	-0.039122	2.770540	-5.277016	-6.187462	-1.593924	4.083001	-5.507464	0.052052	2.584953	7.308698	3.560199	4.264714	-3.515079	-0.752492	3.894820	0.010276	0.039173	3.787906	11.168366	2.711194	1.361046	-16.597417	-6.529323	-11.026968	1.049518	7.928590	-5.778921	6.966706
Androgen_receptor_Pathway_Prostate_Differentiation_._Development	5.082687	-3.725629	0.244732	-1.279447	3.076629	-1.578277	-0.747225	7.659591	-0.039122	2.770540	-5.277016	-6.187462	-1.593924	4.083001	-5.507464	0.052052	2.584953	7.308698	3.560199	4.264714	-3.515079	-0.752492	3.894820	0.010276	0.039173	3.787906	11.168366	2.711194	1.361046	-16.597417	-6.529323	-11.026968	1.049518	7.928590	-5.778921	6.966706
Androgen_receptor_Pathway_Sexual_Differentiation_._Sexual_Maturation_at_Puberty	5.082687	-3.725629	0.244732	-1.279447	3.076629	-1.578277	-0.747225	7.659591	-0.039122	2.770540	-5.277016	-6.187462	-1.593924	4.083001	-5.507464	0.052052	2.584953	7.308698	3.560199	4.264714	-3.515079	-0.752492	3.894820	0.010276	0.039173	3.787906	11.168366	2.711194	1.361046	-16.597417	-6.529323	-11.026968	1.049518	7.928590	-5.778921	6.966706
ATM_Pathway	-9.378158	8.598558	5.749057	-5.950593	3.472649	-0.252962	3.172874	1.606217	-2.651456	-6.600434	0.862703	1.371546	-0.602691	-11.691563	-6.395737	-2.321585	-7.120474	16.915078	12.664734	4.456561	13.099323	0.993618	9.727300	3.932405	3.551012	7.338934	-22.325605	2.219022	9.406793	-6.069831	8.751877	-5.464988	-19.789737	2.701339	6.709292	-2.626666
ATM_Pathway_Apoptosis	1.815514	-2.447627	0.157669	-0.078027	-0.214010	1.780228	-0.975354	1.088334	1.430767	1.635932	0.244826	-4.438254	-0.607591	3.015744	-0.256217	1.758399	3.232087	-2.224624	6.886227	-0.248390	-4.135736	2.559546	-0.438506	-0.885004	-3.505985	-1.726029	5.713363	-1.884878	1.801805	3.328737	-1.477246	-1.229879	-1.148443	4.244786	5.529594	6.665370
ATM_Pathway_Apoptosis_._Senescense	16.213310	-2.450719	-2.611609	5.285649	-4.186501	10.248839	-1.134953	-2.128635	-5.977794	-6.803389	-2.734446	-3.719752	8.335873	14.273316	0.574366	11.846512	14.673151	-3.795552	-5.618475	-11.954271	3.395247	-8.583225	7.464834	-4.240583	-9.072173	-8.103600	-2.439881	-9.365662	-9.999129	-11.762177	-11.005107	-1.682753	-24.417698	12.333875	-8.057842	7.052440
ATM_Pathway_Cell_Cicle_Checkpoint_Control	-1.511214	2.297856	-0.139880	-1.030320	0.459784	-0.850515	2.094664	-1.026096	0.655878	-0.403271	-3.946873	3.399987	0.584671	-1.182608	-0.973821	-0.458419	-0.428067	3.426737	-11.475637	-1.990212	-1.295297	0.726619	-8.931605	0.273578	2.479537	4.927840	6.450553	1.555009	-3.434156	-2.963926	1.730400	-0.759223	2.089483	-6.287569	-0.945784	-5.614378
ATM_Pathway_Cell_Survival	15.288788	-2.338330	-1.139495	5.972164	-7.107805	11.759842	0.687656	-8.225275	-1.397840	-0.419827	3.677312	-16.757191	14.257986	14.264504	2.968162	15.275884	7.583854	-5.942817	-15.365297	0.461103	-12.996418	-13.494673	-0.746802	-4.210055	-3.578163	4.256020	-18.490983	-3.401296	-4.019082	-15.238838	2.802948	-5.984979	-12.128554	14.767174	-9.708346	-15.814886
ATM_Pathway_Checkpoint_Activation	9.567603	-4.085445	0.084239	2.787638	-3.591846	7.339742	-0.906253	0.150674	-1.371975	-4.049237	-0.072157	-5.852985	4.103308	5.057451	2.000369	5.232176	4.981474	6.868732	-14.487742	-3.490463	3.281185	-10.382612	-7.262507	-10.626651	-2.897400	-8.028446	7.967009	-1.513979	-0.696552	-9.809304	-6.199836	-0.472853	-6.377130	-0.139330	1.185580	0.533861
ATM_Pathway_DNA_Repair	2.921461	-0.333346	-2.748953	-1.711601	-4.061565	0.984761	-0.314690	-1.158831	3.628441	2.917185	2.063061	-2.185923	0.872272	1.703873	-3.242427	1.363282	1.879328	0.669468	-4.074265	-1.270341	-1.556125	-7.975600	0.738924	-1.287329	2.505010	-1.685015	1.749628	0.494316	-2.555732	-5.624988	-4.180516	-4.332190	-9.596404	4.960294	-2.373402	-3.983824
ATM_Pathway_G2.M_Checkpoint_Arrest	-8.888088	3.148103	2.230875	-2.112627	2.903985	-1.508297	2.841250	4.590344	-0.539327	-1.648844	-4.430598	3.413222	-2.856599	-10.056256	-4.549954	-6.184360	-5.909563	9.218099	9.529417	-3.148426	3.775037	2.142066	7.807663	6.278356	2.784267	1.259738	-12.128213	-0.760517	0.696424	-1.570505	3.692518	-8.076744	-14.226432	-7.840614	-1.946325	6.700446
ATM_Pathway_G2_Mitosis_Progression	-9.528943	5.221142	4.357562	-5.529590	5.481261	-5.094815	0.877292	2.304763	1.370270	-1.039289	-2.989006	4.569353	-3.794733	-10.068339	-2.965210	-3.885026	-6.091287	2.304763	10.232428	4.742267	4.323709	5.012749	2.304763	7.264770	2.304763	3.551442	-2.576229	2.304763	7.905758	2.304763	7.012868	-4.117264	-1.144871	-2.170519	2.304763	2.304763
ATM_Pathway_MDMX_Ubiquitination_._Degradation	5.717672	1.266924	1.986339	1.585886	-2.608815	5.832345	-0.539131	1.188119	-4.545271	-5.768901	-2.643565	-1.471603	3.965775	3.928223	0.667200	3.062362	5.105656	-5.221169	-1.183090	-4.724151	0.968460	1.553033	4.663333	-2.224516	-1.581039	-4.118869	-2.989363	-1.269111	-1.217871	3.426432	-3.068829	1.793168	-6.970920	-2.808307	-1.282377	-3.166448
ATM_Pathway_NF_kB_Pathway	-3.001815	1.551092	0.817592	-4.954672	-3.776626	-1.242126	1.153289	2.980724	3.078702	2.423150	4.359030	-3.388341	-2.738052	-0.829952	-1.163783	1.147890	-0.430153	8.371176	-7.645653	-0.275376	8.413987	-4.818189	-1.280922	0.909417	-0.439601	-0.271132	5.329059	2.484549	-4.196170	-8.306860	-1.371468	-0.437132	1.204030	11.411210	1.526716	7.704348
ATM_Pathway_S_Phase_Arrest	5.660212	0.193682	-3.144111	0.680166	-2.305335	-0.231281	7.879357	-2.101568	-2.910414	-4.376733	-2.716985	3.373010	1.891587	0.668420	-2.369469	0.577904	2.050949	-8.004167	-5.654894	-2.877473	2.054195	-4.590195	-0.957288	-2.467450	-4.452682	-8.355943	-6.074326	-1.841475	-2.839419	-10.136801	-10.263567	-4.502433	-10.832270	7.541615	-2.983350	-2.387264
ATM_Pathway_S_Phase_Progresion	-0.101246	3.025128	1.355185	0.385735	2.045747	1.432221	2.351939	-3.073338	-6.747919	-7.539554	7.360185	-0.494082	2.287411	0.066939	1.839212	-0.319529	-1.368995	16.676554	14.234338	4.976101	13.924304	2.416404	-3.032805	-5.010176	-4.280586	5.689006	-14.035342	2.896768	4.555260	-9.548418	2.177851	10.402267	-1.916629	5.884833	16.025514	-7.867599
ATM_Pathway_Synaptic_Vesicle_Transport	-3.001815	1.551092	0.817592	-4.954672	-3.776626	-1.242126	1.153289	2.980724	3.078702	2.423150	4.359030	-3.388341	-2.738052	-0.829952	-1.163783	1.147890	-0.430153	8.371176	-7.645653	-0.275376	8.413987	-4.818189	-1.280922	0.909417	-0.439601	-0.271132	5.329059	2.484549	-4.196170	-8.306860	-1.371468	-0.437132	1.204030	11.411210	1.526716	7.704348
cAMP_Pathway	35.941240	-3.262971	-1.365528	10.717469	-5.296087	32.881223	-9.010835	13.381763	2.722726	-7.468283	-45.512779	-23.727938	16.572891	29.568484	8.883668	30.415381	13.841368	0.928195	-48.863257	-26.586328	-43.110946	10.800109	-43.403465	-11.528062	-21.712023	-30.735265	22.664519	-4.119223	-27.456953	-39.474402	-8.112499	-27.831413	-17.762129	-31.156432	-5.652343	-56.031126
cAMP_Pathway_Axonal_Growth	1.642435	0.031714	-1.487407	-2.937629	-0.929728	-3.402515	-4.769290	5.027049	5.828506	6.600015	-4.286305	-1.316843	-2.762388	-0.101537	-2.344006	-0.928334	-1.494924	6.403557	6.478099	-1.265285	3.823105	1.676566	7.238217	0.411368	-4.281805	1.279833	14.026181	-0.838424	1.459467	1.201930	1.646480	-3.393697	1.205390	-0.499498	0.529034	-5.156758
cAMP_Pathway_Cardiovascular_Homeostasis	-3.840497	1.457781	-0.570828	-2.621123	1.182936	-3.499368	0.022728	0.456210	1.129681	1.511938	2.626622	2.143921	-2.295804	-3.827347	-2.313618	-3.548150	-3.247575	2.626622	-1.092550	-0.548950	2.626622	2.626622	1.133575	1.289579	2.626622	1.569432	2.626622	1.154316	0.866732	-1.704584	2.626622	-0.598348	2.626622	-1.740821	-1.284382	-2.205007
cAMP_Pathway_Cell_Growth	0.000000	0.000000	0.000000	0.000000	0.000000	0.000000	0.000000	0.000000	0.000000	0.000000	0.000000	0.000000	0.000000	0.000000	0.000000	0.000000	0.000000	0.000000	0.000000	0.000000	0.000000	0.000000	0.000000	0.000000	0.000000	0.000000	0.000000	0.000000	0.000000	0.000000	0.000000	0.000000	0.000000	0.000000	0.000000	0.000000
cAMP_Pathway_Cell_Proliferation	-3.840497	1.457781	-0.570828	-2.621123	1.182936	-3.499368	0.022728	0.456210	1.129681	1.511938	2.626622	2.143921	-2.295804	-3.827347	-2.313618	-3.548150	-3.247575	2.626622	-1.092550	-0.548950	2.626622	2.626622	1.133575	1.289579	2.626622	1.569432	2.626622	1.154316	0.866732	-1.704584	2.626622	-0.598348	2.626622	-1.740821	-1.284382	-2.205007
cAMP_Pathway_Cell_Survival	-1.182662	2.921650	-1.656075	-1.443850	1.593366	-1.816369	1.567786	-0.775945	-0.168169	-0.799362	0.309153	1.450477	-0.259812	-1.425239	-1.621237	-1.004090	-1.879108	5.859581	-6.579892	1.697687	-3.225324	5.084498	1.326795	2.710243	2.848530	2.301583	2.517566	-0.808792	0.643448	-10.751689	1.829883	-1.032410	-2.286219	-0.368352	0.247906	-4.562919
cAMP_Pathway_Cell_Survival_._Chemotaxis	0.000000	0.000000	0.000000	0.000000	0.000000	0.000000	0.000000	0.000000	0.000000	0.000000	0.000000	0.000000	0.000000	0.000000	0.000000	0.000000	0.000000	0.000000	0.000000	0.000000	0.000000	0.000000	0.000000	0.000000	0.000000	0.000000	0.000000	0.000000	0.000000	0.000000	0.000000	0.000000	0.000000	0.000000	0.000000	0.000000
cAMP_Pathway_Cytokine_Production	0.000000	0.000000	0.000000	0.000000	0.000000	0.000000	0.000000	0.000000	0.000000	0.000000	0.000000	0.000000	0.000000	0.000000	0.000000	0.000000	0.000000	0.000000	0.000000	0.000000	0.000000	0.000000	0.000000	0.000000	0.000000	0.000000	0.000000	0.000000	0.000000	0.000000	0.000000	0.000000	0.000000	0.000000	0.000000	0.000000
cAMP_Pathway_Degradation_of_Cell_Cycle_Regulators	-3.840497	1.457781	-0.570828	-2.621123	1.182936	-3.499368	0.022728	0.456210	1.129681	1.511938	2.626622	2.143921	-2.295804	-3.827347	-2.313618	-3.548150	-3.247575	2.626622	-1.092550	-0.548950	2.626622	2.626622	1.133575	1.289579	2.626622	1.569432	2.626622	1.154316	0.866732	-1.704584	2.626622	-0.598348	2.626622	-1.740821	-1.284382	-2.205007
cAMP_Pathway_Endothelial_Cell_Regulation	0.307377	-0.713572	-0.189217	0.259931	-0.228040	0.274787	-0.194674	1.148629	-0.528520	-0.371598	0.853261	-0.618365	0.500933	0.377693	-0.371449	0.361795	0.461496	0.385943	-3.524956	-0.078537	-1.349823	4.135081	1.917522	-1.303986	0.129810	1.684763	-1.134449	-0.940261	0.030922	-0.120402	1.363891	0.299740	0.759836	0.560157	1.236971	0.442309
cAMP_Pathway_Glycogen_Synthesis	-3.840497	1.457781	-0.570828	-2.621123	1.182936	-3.499368	0.022728	0.456210	1.129681	1.511938	2.626622	2.143921	-2.295804	-3.827347	-2.313618	-3.548150	-3.247575	2.626622	-1.092550	-0.548950	2.626622	2.626622	1.133575	1.289579	2.626622	1.569432	2.626622	1.154316	0.866732	-1.704584	2.626622	-0.598348	2.626622	-1.740821	-1.284382	-2.205007
cAMP_Pathway_Glycolysis	5.935080	-2.565766	-0.528056	2.443673	-1.943901	3.855734	-0.837256	-4.019677	-3.093313	-1.976458	2.052497	0.677442	3.620480	5.356663	2.403186	6.698978	3.503616	-1.511119	5.581601	1.707026	1.689693	-1.933372	-6.939337	-2.065464	-5.007155	-6.142610	-6.939337	-0.903991	-6.656051	-6.939337	0.805928	-6.532726	-1.171683	3.473126	-6.939337	2.440370
cAMP_Pathway_Metabolic_Energy	1.712232	0.177503	-0.062379	0.876427	-0.019352	0.653961	0.402956	-0.498069	-1.024942	-0.772243	-0.386521	-1.059574	0.686273	1.145602	0.644479	1.202967	0.850708	1.127304	-0.712956	-0.901536	-1.050813	-3.714531	-3.575477	0.165360	-0.005869	-0.406337	0.132594	1.170555	0.825680	-0.737319	-0.044834	-0.054500	-0.855340	-0.950204	0.065040	-2.588471
cAMP_Pathway_Myocardial_Contraction	-3.840497	1.457781	-0.570828	-2.621123	1.182936	-3.499368	0.022728	0.456210	1.129681	1.511938	2.626622	2.143921	-2.295804	-3.827347	-2.313618	-3.548150	-3.247575	2.626622	-1.092550	-0.548950	2.626622	2.626622	1.133575	1.289579	2.626622	1.569432	2.626622	1.154316	0.866732	-1.704584	2.626622	-0.598348	2.626622	-1.740821	-1.284382	-2.205007
cAMP_Pathway_Oncogenesis	-3.840497	1.457781	-0.570828	-2.621123	1.182936	-3.499368	0.022728	0.456210	1.129681	1.511938	2.626622	2.143921	-2.295804	-3.827347	-2.313618	-3.548150	-3.247575	2.626622	-1.092550	-0.548950	2.626622	2.626622	1.133575	1.289579	2.626622	1.569432	2.626622	1.154316	0.866732	-1.704584	2.626622	-0.598348	2.626622	-1.740821	-1.284382	-2.205007
cAMP_Pathway_Protein_Retention	-3.840497	1.457781	-0.570828	-2.621123	1.182936	-3.499368	0.022728	0.456210	1.129681	1.511938	2.626622	2.143921	-2.295804	-3.827347	-2.313618	-3.548150	-3.247575	2.626622	-1.092550	-0.548950	2.626622	2.626622	1.133575	1.289579	2.626622	1.569432	2.626622	1.154316	0.866732	-1.704584	2.626622	-0.598348	2.626622	-1.740821	-1.284382	-2.205007
cAMP_Pathway_Regulation_of_Cytoskeleton	-3.840497	1.457781	-0.570828	-2.621123	1.182936	-3.499368	0.022728	0.456210	1.129681	1.511938	2.626622	2.143921	-2.295804	-3.827347	-2.313618	-3.548150	-3.247575	2.626622	-1.092550	-0.548950	2.626622	2.626622	1.133575	1.289579	2.626622	1.569432	2.626622	1.154316	0.866732	-1.704584	2.626622	-0.598348	2.626622	-1.740821	-1.284382	-2.205007
Caspase_Cascade	69.449254	12.555588	0.546046	37.991952	-0.301100	62.286807	2.290517	-7.300618	-18.967113	-19.128561	-76.273240	-63.149532	43.785206	77.603654	30.330269	77.710585	44.411645	-80.610481	-108.617401	-68.543605	-65.092780	-94.334391	-72.981429	-14.530715	-14.766813	-29.039161	-51.371244	-27.297887	-57.080764	-101.160578	-35.905354	-66.140621	-74.369352	2.132556	-12.542328	-58.219500
Caspase_Cascade_Activated_Tissue_Trans_glutaminase	21.148226	1.906301	0.944495	12.083005	2.418913	20.229113	-2.039998	5.130869	-2.817276	-0.184447	-31.868623	-26.950578	9.886173	24.695144	9.312268	23.490680	12.562611	-25.042978	-29.163447	-26.573130	-25.047250	-25.511499	-25.648070	-4.081134	-1.316427	3.310542	14.017885	-7.204719	-13.837499	-31.496684	-12.106706	-26.949574	-28.316363	-0.766952	-4.123586	-9.478119
Caspase_Cascade_Apoptosis	24.562902	3.967077	0.388654	13.016955	0.513524	19.354319	0.038429	-0.099494	-6.833386	-5.089267	-25.914737	-23.904976	15.937605	26.855211	12.059730	25.020789	17.300265	-25.503222	-33.062433	-16.748490	-26.264493	-27.972180	-24.683423	-4.846174	-4.790949	-3.906286	-2.889348	-7.625636	-11.321429	-32.012190	-12.560641	-22.393783	-24.652787	7.295256	-4.906954	-19.753744
Caspase_Cascade_Cell_Survival	0.000000	0.000000	0.000000	0.000000	0.000000	0.000000	0.000000	0.000000	0.000000	0.000000	0.000000	0.000000	0.000000	0.000000	0.000000	0.000000	0.000000	0.000000	0.000000	0.000000	0.000000	0.000000	0.000000	0.000000	0.000000	0.000000	0.000000	0.000000	0.000000	0.000000	0.000000	0.000000	0.000000	0.000000	0.000000	0.000000
Caspase_Cascade_ICAD_Degradation	14.742466	5.607421	-1.792754	9.488912	0.441901	16.673380	-0.015146	-0.342142	-3.339447	-4.037550	-20.197505	-17.229538	10.822801	17.529144	8.483533	15.678677	11.264650	-25.694732	-38.948379	-22.613825	-25.913471	-18.201134	-21.553074	-4.030791	-6.956027	-0.699056	-7.243175	-8.403221	-12.941948	-39.804472	-11.766349	-26.074749	-21.107843	4.269181	0.214917	-24.924149
CD40_Pathway	0.111732	3.935799	2.247633	1.116876	-2.239096	1.048431	-0.407481	-5.530563	-3.076644	-4.090352	6.180545	0.703119	9.164510	-2.777923	-3.903283	-2.715271	-5.202654	-3.725324	-12.950601	-5.711549	-3.144280	-27.069964	-15.530732	2.192693	-1.745769	1.920549	-13.780628	-9.565835	-4.516720	-16.532933	2.893024	-3.561313	-5.897176	2.729349	-6.447061	-10.656107
CD40_Pathway_Gene_Expression	-2.037426	0.895978	1.163072	-0.257687	0.093681	-1.644228	-0.341150	-0.781816	0.050278	-0.583617	2.175120	1.267795	1.179000	-2.992942	-1.136547	-2.758886	-1.743778	1.239111	-2.022352	1.644578	1.607465	-6.518824	0.254210	0.992483	0.886672	1.442510	0.735360	-0.106774	0.681738	-0.576558	2.043422	0.949132	0.470892	-1.224365	-0.830444	-1.726345
CD40_Pathway_IKBs_Degradation	-3.499981	1.849337	0.780238	0.625874	-0.064471	-1.312028	0.659083	-5.163964	-0.706801	-0.002408	6.855933	-0.020812	1.930982	-3.579436	-3.023571	-4.583636	-4.355743	-6.312699	-2.051951	-2.896833	6.640522	-0.673443	-9.214408	1.583474	2.416996	2.032801	-5.532472	-7.942485	-2.271892	-9.265501	1.916873	-2.500754	-2.375923	-2.309987	-4.649317	-6.796577
Cellular_Anti_Apoptosis_Pathway	-0.827027	6.013541	13.864034	-1.856774	1.454590	1.795745	0.486109	10.150677	10.364473	5.898466	-24.968783	-22.375051	-5.487210	-10.799605	-2.348198	-5.209747	-4.794686	-29.187276	-38.835499	-15.470726	-20.401128	-61.795058	-15.324477	2.390393	-8.683581	21.339922	-12.075738	27.346411	5.360826	-49.059258	7.688484	-5.311736	6.031064	2.566197	21.427062	-14.138836
Cellular_Anti_Apoptosis_Pathway_Apoptosis	5.202551	-2.996217	6.359392	0.274991	6.199429	-2.967330	-2.287953	6.218678	7.418110	9.330337	-16.909031	-15.842956	-7.264275	-1.987401	-4.290743	7.311818	0.206721	-18.326809	-12.562312	-9.945068	-10.650192	-22.618785	-11.599614	4.566792	-5.410512	-6.376851	3.596771	-6.048187	-15.116511	-18.552413	-9.846659	-18.615386	-19.905032	-15.642763	0.549573	-15.211702
Cellular_Anti_Apoptosis_Pathway_Depolarization	0.086305	1.098301	2.372919	-0.751448	0.628038	-0.425571	-0.686870	0.972344	-0.763009	-0.068776	-1.657183	-0.805050	-0.828777	-2.164845	0.196131	-0.093990	-1.687592	-0.724517	3.419989	0.904768	-3.058114	-2.155493	-1.138637	-0.837404	-2.443266	0.233083	0.228841	-0.939051	-0.991921	-1.472088	-0.915727	1.577243	-1.309249	-1.159827	-1.538472	0.075393
Chemokine_Pathway	26.735766	-2.106411	1.655941	7.990797	-7.782794	18.734205	-3.981325	-21.556764	-5.730967	-6.739527	4.482082	-11.701003	15.326157	16.957554	5.287968	26.730240	7.148129	-31.952250	-35.146675	-12.725894	-15.412079	-34.462054	-8.604050	-17.224610	-24.393502	-8.552432	-33.173095	1.557758	-14.663237	-13.092920	-0.905923	-14.164150	-12.470724	-3.671658	6.177356	-38.059968
Chemokine_Pathway_Cell_Activation	-0.421359	4.449403	1.360165	-0.234478	0.036122	-0.035579	-0.119127	-1.883262	-0.727446	-1.239214	-0.699376	-0.485848	-0.371020	0.338880	0.726928	1.350977	1.502151	-1.472306	-3.029344	0.316318	-3.266994	-0.787018	-1.380458	-0.953439	-1.565889	-0.643156	-2.343793	-1.336090	-1.452483	-0.367281	-1.370475	-1.871007	-1.485165	-1.524800	-2.542713	-1.219773
Chemokine_Pathway_Gene_Expression_._Apoptosis	8.970973	-2.215608	0.030444	2.909045	-3.484660	6.595986	-3.538500	-4.233635	-1.955586	-0.446609	4.043420	-6.675270	4.689168	7.426455	3.229993	8.269006	5.171768	-7.866619	-12.190313	1.913689	-12.157265	4.546766	-10.048264	-9.322726	-13.279717	-9.944609	24.987622	-0.979226	-10.636878	1.523510	-11.180600	-4.707505	-1.764341	-13.238628	-3.012008	-12.933601
Chemokine_Pathway_Internalization_Degradation_Recycling	0.295741	-2.303637	-0.240235	0.557631	-0.857484	2.329866	-0.639314	-0.802094	-1.147183	-1.899056	2.387782	2.317984	-1.768194	0.190651	-1.118968	0.835298	0.335296	-7.228896	0.114286	0.730423	-5.268895	5.995441	0.179758	0.729967	-1.155027	2.048417	-9.943005	-0.559366	1.089232	-9.943005	-3.132101	2.082886	-0.156790	3.981527	-2.120997	-2.180156
Circadian_Pathway	5.601680	-8.273830	0.625418	-3.503821	-8.543716	1.901760	-1.261699	15.075023	-3.224224	-4.159341	7.719750	-1.957001	4.869244	0.084331	-4.177747	3.396907	3.671234	-28.204443	12.203860	-5.388090	13.189184	-12.411380	-6.152069	0.035890	-6.805170	-0.649266	-12.275360	2.534851	-12.942083	-21.997035	-6.614483	-13.789060	2.063638	22.989755	5.047354	7.512764
CREB_Pathway	64.932190	-7.450445	-0.612979	34.823160	2.077052	57.018808	-1.661569	-25.898958	-6.098160	-9.579280	-79.971844	-27.577974	39.426659	56.990241	25.227463	58.997721	38.436290	-11.210559	-37.214926	-18.712725	-22.265483	4.922145	-26.526658	-28.315423	-10.864545	-13.864996	-39.781070	4.463255	-27.809218	-59.649801	-0.626330	-7.176693	-14.848942	-9.135692	-12.330919	-38.884882
CREB_Pathway_Gene_Expression	7.792036	-2.331170	-1.260081	2.256369	-2.635773	8.102430	0.478560	-2.005616	1.410635	2.452466	-5.290157	-8.969697	2.714517	4.514620	0.110518	8.307776	4.926321	-6.486691	17.537637	-5.858997	3.692755	-6.325734	0.739397	-10.150542	-9.829697	-9.025335	-8.940171	-1.866602	-7.122111	-12.461093	-1.631930	6.120458	-4.390114	0.818679	8.510180	1.958680
Cytokine_Network_Pathway	0.881045	-1.145440	-0.599051	2.275040	-3.945588	4.116179	5.754730	2.316281	-0.464866	0.821411	-6.730502	-3.279238	3.027880	3.697821	1.885162	4.367290	3.317080	-3.580324	0.389023	2.997821	0.642262	-1.314529	11.412286	-6.730502	1.446337	-0.763468	-6.730502	1.527990	-3.841131	-1.146517	-1.748856	2.130611	-1.226977	14.585702	-6.730502	3.470238
DNA_Repair_Mechanisms_Pathway	122.240842	-20.572544	-2.875183	42.168198	-13.870270	72.121482	-6.027668	-58.132865	-19.335533	-8.835284	-39.997941	-66.883235	67.442849	100.479769	30.565913	102.563425	92.314291	-53.951330	-45.159271	-75.606581	-30.437214	-66.377071	-19.211623	-46.696909	-61.868666	-82.903385	-94.469700	-46.844047	-30.542802	-101.764218	-49.578231	-84.941984	-72.667910	72.104128	-25.884861	1.461900
EGFR1_Pathway	69.705450	5.107670	-5.344799	43.543774	-11.388845	62.443152	8.019797	-37.984045	-20.835990	-26.968622	-64.069978	-22.227564	58.851500	82.043632	30.818381	80.663418	31.122288	-65.616328	-132.885906	-8.077398	-42.793034	-50.511783	-36.828708	-1.011931	3.640990	1.939454	-142.903132	16.285779	-26.218195	-95.851798	-14.044677	-35.175852	-58.489996	40.669504	-39.641573	-89.555076
ErbB_Family_Pathway	46.771752	-0.830287	10.194117	24.644668	-0.272451	30.501055	-6.259627	-21.417902	-2.953346	-10.665588	-35.300341	-34.412049	23.849659	46.433714	22.623917	52.304149	22.421261	-45.662392	-93.470635	-3.695484	-31.825127	-36.042821	-49.619574	-36.645726	-31.280080	-34.613001	-22.559606	30.152623	-8.382067	-36.528217	-6.979427	-22.449890	-22.619684	4.606314	-2.752656	-33.889318
ErbB_Family_Pathway_Anti_Apoptosis	1.088661	-0.503889	-0.317952	1.068487	0.864919	0.513396	0.624188	0.753369	-1.713740	-0.555819	-0.071663	-1.749957	1.435882	0.864255	1.201754	0.387830	0.201986	5.707886	-3.280168	-2.077056	-1.096410	1.760331	-2.903907	-1.298386	0.814289	1.403636	1.449554	2.186670	0.876692	4.134820	-0.442326	-0.253230	0.894208	-0.658394	-1.459442	-4.146176
ERK_Signaling_Pathway	62.923265	7.179163	8.051351	36.743626	-1.853784	59.139126	-3.108636	-0.715628	-16.403773	-40.372536	-113.974615	2.392441	33.939339	68.872956	26.646800	63.189356	26.512795	-42.396922	-80.718973	-22.442498	-46.180373	-79.210066	-53.024131	-16.504802	14.177380	-32.788160	-121.933010	5.964131	-43.881682	-121.867523	-28.593254	-46.048635	-80.698652	4.438705	-25.119026	-122.527395
Erythropoeitin_Pathway	29.682646	12.746592	6.360719	18.743561	-5.953060	19.603906	4.248846	-28.141608	-2.537195	-11.871435	-44.154230	1.271257	19.932789	26.847118	10.119708	30.132415	2.805861	-92.265586	-61.333484	-19.561807	-64.745222	-44.886019	-39.387752	1.659876	-17.017189	0.609258	-57.376429	3.462321	-24.570417	-49.103707	-5.345152	-41.515066	-31.062402	1.968733	-26.295063	-95.570033
Estrogen_Pathway	26.054296	2.809778	3.012819	10.804054	-1.290632	17.536023	6.066719	-9.705717	-3.882183	-10.716171	-27.764625	-12.924361	12.913735	17.149330	5.109505	25.839260	4.477148	-51.502796	-19.736066	-10.109532	-11.893445	-15.755727	-34.280330	5.997407	-29.929808	-0.966684	-50.774982	-15.903287	-25.001827	-93.835457	-9.012286	-19.798585	-21.908545	-12.271340	-4.762332	-88.395393
Fas_m_Signaling_Pathway	18.497243	0.115095	-2.197020	9.121893	-5.081727	17.901079	1.236015	-8.672025	-7.323488	-10.137667	-0.316713	-13.142686	16.042862	19.003030	5.374195	21.175726	8.055951	-15.995925	-30.597658	-2.930663	-10.827274	-19.574222	-5.385110	-3.022996	-1.556664	6.504665	-47.922024	5.025507	-5.301712	-47.468055	-0.570766	-5.517982	-13.478318	14.541823	-16.386224	-38.319918
Fas_p_Signaling_Pathway	48.663034	-1.373399	9.253655	28.523038	2.526038	33.882229	2.573969	2.277904	-10.739793	-22.067372	-57.952539	-35.566765	20.462111	43.709564	11.005603	55.729788	24.761452	-89.356405	-53.495564	-46.058670	-34.864828	-60.757274	-73.470832	-8.897158	-1.371583	-7.018660	-16.709473	-36.635200	-25.483261	-83.427739	-28.189101	-54.897079	-43.624083	-31.453045	-29.427217	-23.718721
FLT3_Signaling_Pathway	42.892501	15.555762	5.379760	24.808493	-9.536251	23.986783	9.536716	-22.477740	-29.402721	-27.550661	-65.804824	32.612182	25.037137	36.504023	11.741003	41.853412	16.416363	-128.930435	-0.106694	-27.717932	-34.116032	-59.682032	-82.104088	-16.700307	-59.821022	35.479846	-3.154007	7.405415	-2.119930	-43.177144	-9.379535	-22.482604	-9.637388	9.539460	-34.679955	-105.877733
Glucocorticoid_Receptor_Pathway	0.000000	0.000000	0.000000	0.000000	0.000000	0.000000	0.000000	0.000000	0.000000	0.000000	0.000000	0.000000	0.000000	0.000000	0.000000	0.000000	0.000000	0.000000	0.000000	0.000000	0.000000	0.000000	0.000000	0.000000	0.000000	0.000000	0.000000	0.000000	0.000000	0.000000	0.000000	0.000000	0.000000	0.000000	0.000000	0.000000
Glucocorticoid_Receptor_Pathway_Cell_Cycle_Arrest	6.754333	-2.604951	-0.653761	4.364960	-3.078989	7.022989	-0.954582	-2.311822	0.716599	0.837871	-1.365105	-8.727542	4.909174	5.612492	1.709135	7.397404	3.347895	4.580645	3.497669	-0.696419	-1.600272	-6.581455	-1.550856	-4.499153	-1.255280	-1.442417	-8.732492	0.180607	-2.951484	0.102234	0.658205	1.397149	-6.211808	-2.243230	-3.094194	2.474543
Glucocorticoid_Receptor_Pathway_Cell_cycle_progression	-2.697630	2.584974	1.448780	0.476161	1.508107	-1.379612	0.712632	-1.499961	-2.205098	-4.087255	2.824002	2.314899	0.932301	-2.378724	-0.133466	-2.734649	-2.297178	-2.875560	-4.184289	0.003399	-2.237542	0.226879	-0.626358	-0.324943	-2.831090	3.116306	-4.007730	2.687690	1.376597	1.793100	2.749456	2.137039	1.456462	4.246965	-0.407637	-0.142782
Glucocorticoid_Receptor_Pathway_Gene_Expression	1.067599	1.706797	1.441615	0.683337	2.208051	-0.153454	0.586359	-2.561515	-3.764252	-6.243695	4.407686	0.621473	1.518525	-0.211226	-0.488271	1.619142	-0.829964	-5.384988	-7.248180	-3.702274	-9.245243	-7.014146	-4.217745	-1.851187	-4.285118	1.669106	-12.800213	0.388729	-4.832061	-7.707978	0.756715	-2.347092	-0.481414	1.744009	-2.773958	-8.760816
Glucocorticoid_Receptor_Pathway_Inflammatory_Cytokines	0.000000	0.000000	0.000000	0.000000	0.000000	0.000000	0.000000	0.000000	0.000000	0.000000	0.000000	0.000000	0.000000	0.000000	0.000000	0.000000	0.000000	0.000000	0.000000	0.000000	0.000000	0.000000	0.000000	0.000000	0.000000	0.000000	0.000000	0.000000	0.000000	0.000000	0.000000	0.000000	0.000000	0.000000	0.000000	0.000000
Glucocorticoid_Receptor_Pathway_SMAD_signaling	-2.480967	2.358289	2.792095	-0.889210	3.729496	-3.238234	1.054940	-3.132656	-4.406285	-6.024302	5.205622	5.031211	-0.363533	-3.088052	0.131238	-2.504560	-2.426247	-4.245430	-9.367479	-2.640061	-7.341315	-5.832936	-1.336415	2.093503	-5.186500	5.183413	-7.449648	2.731212	-0.875910	5.698298	4.102390	-0.124333	0.205312	-0.213947	-1.589690	-2.568022
GPCR_Pathway	102.288675	-3.979115	-25.409578	33.511813	-15.392433	26.079124	4.471300	42.346664	-48.587514	-40.974659	-79.613217	5.258940	70.003384	95.698296	0.193880	78.344791	21.650709	-65.496798	-104.007759	-146.076383	-35.345912	-125.754575	-13.960473	-36.332472	-218.717734	-55.211191	-242.106669	12.566004	-91.048458	-149.398069	-19.581057	-31.535445	-97.298723	-15.815168	-12.953061	-158.428968
GPCR_Pathway_Gene_Expression	16.421489	-0.021130	-6.392518	2.705128	-5.198681	-4.812126	1.322638	12.267888	-13.651656	-10.823216	3.169188	5.012995	15.598616	14.191364	-3.733408	10.168519	1.488909	-5.135772	-23.316958	-35.825934	-0.656571	-29.059150	11.231276	-13.667088	-63.102933	-5.146810	-60.974249	14.211116	-17.161685	-21.593708	5.507541	2.754185	-12.248500	-3.692366	8.272532	-31.868194
Growth_Hormone_Pathway	-5.244232	3.290326	5.179519	8.129897	3.670476	-11.261561	4.562250	-7.626835	-4.705342	-7.649470	-6.107342	17.762313	0.979046	-7.744180	2.114537	-8.164558	-8.568301	-4.443342	-5.578432	0.204885	-5.509552	1.258185	-25.707518	-6.990344	-2.841151	0.087213	-41.831669	4.632609	1.723829	13.087584	-3.770164	2.872228	-0.202987	-6.304708	11.974314	-6.539279
Growth_Hormone_Pathway_Cell_survival	-0.740002	0.572874	-0.235108	-0.432713	-0.264463	-0.730689	0.368599	-0.557286	0.375149	0.413947	1.152323	0.077370	0.113460	-0.624320	-0.000039	-1.009657	-0.442559	0.497135	2.193943	1.051373	0.801063	-2.823091	-0.177069	0.479938	0.250554	0.679128	0.683818	-0.847373	0.092374	-0.433996	0.441147	-0.511647	-0.152314	0.655701	-0.277406	1.525420
Growth_Hormone_Pathway_Gene_Expression	-1.556145	2.621892	4.141343	8.500755	2.527367	-5.525192	3.665288	-6.316492	-2.115610	-3.794010	-14.424616	12.275420	3.405739	0.424747	3.075880	-0.370910	-3.198389	-1.296489	-15.585572	0.126796	-3.710916	3.863999	-17.190908	-4.333969	-0.411788	-1.634242	-34.527739	1.585195	1.239711	12.563574	-4.193379	-0.879721	-3.394057	-3.106922	7.026295	-4.799706
Growth_Hormone_Pathway_Protein_Synthesis	-0.740002	0.572874	-0.235108	-0.432713	-0.264463	-0.730689	0.368599	-0.557286	0.375149	0.413947	1.152323	0.077370	0.113460	-0.624320	-0.000039	-1.009657	-0.442559	0.497135	2.193943	1.051373	0.801063	-2.823091	-0.177069	0.479938	0.250554	0.679128	0.683818	-0.847373	0.092374	-0.433996	0.441147	-0.511647	-0.152314	0.655701	-0.277406	1.525420
GSK3_Pathway	-14.582377	-5.153489	10.879965	-5.938302	-11.255487	-14.157227	-5.634712	7.994959	23.428276	34.217897	3.592933	-23.392435	-14.453372	-14.948132	-8.325494	-12.053325	-3.940666	61.391091	19.065441	-19.048253	17.997135	24.092374	2.071080	-29.483318	-20.184689	-4.337709	6.699667	-18.169873	6.417470	-23.464998	12.306862	33.895544	22.955952	11.691992	62.192933	-5.329660
GSK3_Pathway_Degradation	1.457749	-0.208982	0.180953	0.593279	-0.275657	0.228508	-0.544792	-1.377823	1.096248	1.123464	-1.377823	-0.895122	0.910955	1.679456	-0.204699	1.337149	0.657718	-1.377823	-1.377823	-0.457293	-1.377823	0.662148	-1.377823	-1.377823	-0.411732	-0.320633	1.813325	0.807822	0.817551	-1.377823	-1.377823	0.993739	0.689309	-1.377823	-1.377823	1.102231
GSK3_Pathway_Gene_Expression	9.763160	0.659329	-0.763120	5.787143	-0.433040	8.124897	1.125654	0.110120	-6.486749	-10.564909	-9.744068	2.421584	7.840997	10.009754	5.344749	8.767854	6.463811	-4.237387	-2.751444	1.124503	3.490748	-2.186650	-3.194305	4.553134	1.634465	1.806223	3.409885	0.453926	-3.248786	-0.915343	-1.887515	0.200685	-3.702602	1.720400	-2.795436	-6.468799
GSK3_Pathway_Translation	-1.486229	0.216228	-0.749541	-0.461548	0.722879	-0.724046	-0.019696	-1.054437	-0.209271	0.938129	1.285765	1.541768	-0.905194	-2.027692	-0.269541	-1.169713	-0.505351	-1.223633	-2.121589	-0.351407	-1.431181	-0.898015	1.181016	0.194059	0.725230	1.283774	1.280825	1.201756	0.914173	2.674063	0.770360	-0.186407	1.298181	-2.658003	-4.124721	2.674063
Hedgehog_Pathway	19.553147	-9.836832	6.318050	8.156266	-14.439692	25.063357	3.322709	23.770338	-6.152048	-19.225451	-17.885109	-18.644735	9.982093	26.316917	4.819281	28.741238	16.240370	6.366132	-9.469564	8.805120	-21.232848	-11.660191	-19.580082	-20.515238	-17.024325	-12.414208	-10.853723	-2.360083	-5.447438	-10.053482	7.737627	4.817933	-14.689434	-14.733634	15.722613	-5.499938
Hedgehog_Pathway_Repression_of_target_genes.Hh.BMP.	2.208706	-1.445896	2.255815	-0.419729	-3.865453	4.638859	0.821911	5.992440	0.625371	-3.865453	-3.865453	-3.081118	1.058998	4.231207	-0.346080	4.957283	2.241170	4.276874	-3.865453	1.771820	-3.865453	-3.865453	-3.865453	-3.865453	-3.865453	-1.995433	-3.865453	-3.865453	-3.865453	-3.865453	4.224830	1.013873	-3.865453	-3.865453	4.567947	-3.865453
Hedgehog_Pathway_Target_genes.WNT.Ptc.BMP.	2.208706	-1.445896	2.255815	-0.419729	-3.865453	4.638859	0.821911	5.992440	0.625371	-3.865453	-3.865453	-3.081118	1.058998	4.231207	-0.346080	4.957283	2.241170	4.276874	-3.865453	1.771820	-3.865453	-3.865453	-3.865453	-3.865453	-3.865453	-1.995433	-3.865453	-3.865453	-3.865453	-3.865453	4.224830	1.013873	-3.865453	-3.865453	4.567947	-3.865453
HGF_Pathway	40.448452	6.214165	-2.505554	19.944064	7.110355	31.010554	7.910784	-14.269430	-23.314608	-26.962542	-46.460185	0.873945	26.868245	35.753895	11.715062	31.381770	8.821474	-30.071286	-51.691529	-27.001865	-42.422795	-45.176399	-50.945173	-8.705954	-9.321198	-3.754427	-39.398510	14.912943	-14.353075	-65.182973	-9.522422	-17.993642	-15.755510	4.872905	-16.462304	-62.998590
HGF_Pathway_Anoikis	2.283202	0.870399	-0.086720	1.460117	0.556088	0.686286	0.821780	0.022666	-0.345116	0.220679	-6.773547	0.284166	0.734875	2.517555	1.441194	2.091153	0.933904	-0.524961	-1.310873	-0.513832	-0.614212	-1.209868	-6.719920	1.225354	1.688066	-1.244994	-4.068481	4.286495	1.671316	-2.009464	-0.820269	0.119363	-0.885456	-1.342373	1.397082	4.234226
HGF_Pathway_Cell_adhesion.ell_mirgation	6.121614	-1.471457	0.465196	3.117798	0.035254	4.079315	0.530787	-0.942254	-1.117738	-2.302577	-4.734053	-3.781885	4.567982	6.561167	2.645564	5.678837	3.908298	-2.813910	-2.378409	-0.281602	-7.356362	-3.201451	-2.122874	-3.720057	-3.353344	-2.674025	-0.517742	-1.665356	-3.408888	-8.953942	-4.828759	-4.647421	-4.002983	4.616535	-0.853112	-3.129292
HGF_Pathway_Cell_cycle_progression	0.000000	0.000000	0.000000	0.000000	0.000000	0.000000	0.000000	0.000000	0.000000	0.000000	0.000000	0.000000	0.000000	0.000000	0.000000	0.000000	0.000000	0.000000	0.000000	0.000000	0.000000	0.000000	0.000000	0.000000	0.000000	0.000000	0.000000	0.000000	0.000000	0.000000	0.000000	0.000000	0.000000	0.000000	0.000000	0.000000
HGF_Pathway_Cell_scattering	1.712232	0.177503	-0.062379	0.876427	-0.019352	0.653961	0.402956	-0.498069	-1.024942	-0.772243	-0.386521	-1.059574	0.686273	1.145602	0.644479	1.202967	0.850708	1.127304	-0.712956	-0.901536	-1.050813	-3.714531	-3.575477	0.165360	-0.005869	-0.406337	0.132594	1.170555	0.825680	-0.737319	-0.044834	-0.054500	-0.855340	-0.950204	0.065040	-2.588471
HGF_Pathway_Cell_survival	1.712232	0.177503	-0.062379	0.876427	-0.019352	0.653961	0.402956	-0.498069	-1.024942	-0.772243	-0.386521	-1.059574	0.686273	1.145602	0.644479	1.202967	0.850708	1.127304	-0.712956	-0.901536	-1.050813	-3.714531	-3.575477	0.165360	-0.005869	-0.406337	0.132594	1.170555	0.825680	-0.737319	-0.044834	-0.054500	-0.855340	-0.950204	0.065040	-2.588471
HIF1Alpha_Pathway	86.240165	-2.073230	-10.343495	43.671040	-10.584000	65.946057	3.716622	-15.895582	-43.819854	-55.611127	-57.939970	-3.306626	58.637607	73.575614	24.159607	83.904627	36.473528	-92.389385	-74.795797	-40.206008	-64.302787	-26.125626	-44.490843	-2.888415	3.952866	-19.890810	-39.776112	4.003574	-28.835620	-12.187456	6.647172	-1.271952	-27.432066	34.264208	-40.228825	-52.153268
HIF1Alpha_Pathway_Gene_Expression	12.326832	1.505499	-4.586044	7.134432	0.561340	5.393191	6.296378	-5.755384	-5.823957	-8.134304	-17.089957	8.171973	9.474039	11.937321	4.860501	9.192557	5.756613	-24.773289	-25.344697	-10.412528	-4.411416	20.469751	8.498406	8.524144	12.700465	3.986190	18.011610	7.934197	-2.108125	1.369538	6.044713	13.964394	-4.835642	10.716872	-7.073054	-7.607284
HIF1Alpha_Pathway_HIF1alpha_degradation	14.210333	-1.381369	-0.525926	5.914276	-1.099931	8.036000	-0.968826	1.777327	-7.754588	-10.700228	-10.868036	3.360968	10.671209	12.128949	5.106844	13.684298	7.375946	-14.092094	-14.949207	-7.583681	-14.757884	-14.750323	-15.294271	2.112676	-4.426405	-0.932026	-4.924419	-0.068983	-4.323140	5.487958	3.669443	-0.858804	-0.156262	1.386925	-9.095591	-8.183518
HIF1Alpha_Pathway_NOS_pathway	19.177349	-2.359018	0.836995	5.912542	1.091672	3.620333	0.464273	9.044949	-0.477085	-9.009459	-21.019977	-7.282573	13.739209	15.506950	7.382611	12.710152	9.351129	-34.173670	-6.426842	-22.899124	-2.209983	25.092270	12.703342	0.103416	7.275201	-4.288978	18.800063	-10.619265	-8.070073	10.041342	7.975194	34.018460	-18.978584	41.243883	11.473503	-1.932970
HIF1Alpha_Pathway_p53_Hypoxia_pathway	9.138151	0.211247	-1.284593	2.745665	-2.560492	3.007900	-0.319089	-9.986709	-3.613939	-3.052667	5.696152	0.018375	12.718656	9.060971	1.894173	13.637588	-1.194912	-0.876750	-1.466637	-3.094572	-2.308505	0.281823	-0.465961	2.357604	7.647901	-4.398034	-4.747333	10.871311	-6.077955	-3.340854	1.701759	3.570722	-0.117810	17.692859	-1.753860	-10.754467
HIF1Alpha_Pathway_Pyruvate	12.326832	1.505499	-4.586044	7.134432	0.561340	5.393191	6.296378	-5.755384	-5.823957	-8.134304	-17.089957	8.171973	9.474039	11.937321	4.860501	9.192557	5.756613	-24.773289	-25.344697	-10.412528	-4.411416	20.469751	8.498406	8.524144	12.700465	3.986190	18.011610	7.934197	-2.108125	1.369538	6.044713	13.964394	-4.835642	10.716872	-7.073054	-7.607284
HIF1Alpha_Pathway_VEGF_pathway	22.105330	6.943753	-16.281331	8.604874	-6.689544	15.988273	-2.991636	-2.542090	-7.136239	-9.371746	-8.595099	-0.034546	12.383198	12.886591	0.367565	10.194921	6.954706	-32.514479	-24.592504	-10.563385	-23.117797	20.808874	-14.050288	-2.994124	9.759976	-10.906626	-12.712339	12.146479	-11.058517	-34.674555	22.548618	7.506057	-0.612754	12.010873	-9.434311	0.441339
IGF1R_Signaling_Pathway	65.752514	-2.719351	-5.991640	28.321464	-11.550351	63.158215	-23.446157	-10.522700	-17.276292	-24.742217	-41.102019	-19.881466	48.135922	75.595645	23.081404	79.821176	58.736125	13.171334	17.956966	-32.796630	38.126357	61.310664	-107.701297	-42.260910	15.141571	-100.170670	69.675926	-16.024894	-74.077658	-73.614794	-59.021334	-32.111141	-92.302475	-64.315124	-39.021043	-77.141583
IGF1R_Signaling_Pathway_Cell_Survival	24.894480	-7.089225	-4.857426	8.238132	-4.921449	19.769210	-11.721801	3.646348	-7.272064	-8.622976	-0.496109	-11.567120	16.484124	25.586016	5.494134	29.744211	20.102521	31.434526	21.440775	-9.570065	36.430111	18.058607	-42.274653	-17.052293	10.114964	-43.534144	31.797879	-10.617001	-27.653368	-29.291562	-20.457399	-0.203507	-36.172636	-41.696999	-10.243657	-10.389391
IGF1R_Signaling_Pathway_Glucose_Uptake	-4.211330	5.854225	4.204906	-0.285545	3.130135	-3.395045	0.319715	-1.139077	-3.152232	-8.889228	1.844520	5.718957	-0.342448	-4.074465	0.407301	-4.633004	-6.375397	5.126125	5.747766	3.615942	18.572156	22.348984	-6.514372	5.324269	9.555003	-0.825304	6.634292	6.818451	-4.921736	-0.563125	-0.541638	-1.444048	-3.149763	5.330181	-0.251705	-17.568899
IGF1R_Signaling_Pathway_Glycogen_Synthesis	-5.318669	1.419566	-3.028805	-3.187407	0.210892	-2.173555	-0.808079	-2.261616	3.648943	4.859190	0.936821	5.702719	-3.159757	-3.173430	-1.659905	-4.243355	-2.106417	-3.182851	1.382498	3.254066	0.908392	0.326622	-1.506278	4.350170	0.172689	-2.342825	-0.659429	-3.523079	-0.096069	0.326622	-0.547497	-2.158684	3.931506	-2.177329	3.975365	-2.857535
IGF1R_Signaling_Pathway_IKB_Degradation	-1.362769	0.222206	-0.558432	0.496698	-0.865606	0.106679	0.528268	1.659929	-0.350943	-1.036796	-1.896944	3.057711	0.184728	0.620475	-0.391731	-1.852148	-1.681215	-6.718943	-0.075909	-2.323702	3.163503	-2.068429	-4.464389	-0.320850	4.036861	1.822572	1.463351	-2.386288	1.904505	-3.754123	0.608902	-3.441746	-0.458659	-0.606302	-3.346264	1.081005
IGF1R_Signaling_Pathway_Protein_Synthesis	4.175577	0.164249	-2.270133	2.294988	0.119756	3.451487	0.208002	-6.630266	-2.753751	-1.545800	-3.979405	6.765296	3.585378	5.431666	3.499314	5.183077	4.320331	-11.698523	-2.210549	-2.147938	-9.805082	-4.232539	2.285896	-0.252168	1.550655	-4.231212	-9.552170	2.464601	-5.537300	-0.910405	2.957327	-5.493635	-5.764205	-6.591729	-0.422216	-7.807203
IL_10_Pathway	-5.765967	5.569801	0.434757	2.770648	4.468869	-2.066006	0.808187	-5.771692	-1.932790	-0.399953	-3.788862	5.673008	0.636656	-8.026542	-1.460797	-10.963447	-9.840711	-3.884462	-7.648692	-10.002397	4.241335	4.392798	-12.023609	-2.100915	-0.816018	0.814291	3.083504	4.249906	-3.038693	-3.562144	0.487105	-9.363653	2.925439	-19.333396	-1.239551	-23.144370
IL_10_Pathway_Gene_Expression	0.767300	1.356924	0.694507	0.158889	1.226859	-0.558821	-0.529439	-1.357638	-1.287208	-1.273581	-2.018061	2.820270	0.990179	-2.011726	-1.169307	-1.071103	-2.566867	-0.560297	-8.239840	-2.872157	-0.264022	-8.811439	-5.011986	-0.560453	-0.696138	-0.179435	2.640068	1.799447	-0.227273	0.312630	2.187417	-0.743823	1.261727	-3.994280	-1.243477	-4.759381
IL_10_Pathway_Translational_Modulation	-3.039932	1.239436	-1.263498	1.838694	-0.294644	-1.536259	0.403320	-2.200234	-0.233952	1.833666	2.010870	1.242532	1.754413	-2.177524	0.222453	-3.230705	-3.021983	-0.060102	4.544508	-1.384790	5.901017	4.900014	0.491359	0.102810	1.099267	3.402250	-1.053452	-4.697528	-1.484073	-4.230631	-2.483307	-3.941088	-1.916474	-5.295493	-1.050376	-7.988769
IL_2_Pathway	60.656741	4.760293	6.379096	36.391583	-0.119562	49.877563	0.152289	-25.890203	-13.058069	-27.457155	-69.891438	-21.801137	46.553843	54.496033	23.028067	53.931232	23.016684	-1.910186	-41.001379	-29.156479	-15.733503	-67.907475	-40.640087	-18.095022	-3.940037	-9.334368	-63.270423	4.678542	-17.131307	-62.160425	19.566817	-18.559849	-20.819953	0.711229	-19.733139	-37.275586
IL_2_Pathway_Actin_reorganization	1.352625	0.125951	-0.174201	0.316043	0.081511	0.368217	-0.139007	-0.174563	0.207527	-0.111089	-0.824229	-1.028785	0.910242	1.154242	0.221059	1.439267	0.626398	-1.496754	-0.606814	0.181791	-0.487281	-1.496754	0.169538	-0.828233	1.032202	-1.496754	0.682729	-0.024448	-0.930183	-1.496754	-0.319728	-0.066519	-0.808814	1.459461	-1.496754	-0.256727
IL_2_Pathway_Apoptosis	-0.105663	0.601780	0.200477	0.602375	-0.182964	1.483108	0.589781	-0.997503	-0.307016	-0.227369	-1.472986	-0.184021	0.195676	0.269830	-0.458491	0.429535	-0.757721	4.214192	4.312696	1.535758	2.275732	-3.352753	-2.639564	0.517313	-1.538565	-0.330176	1.580367	1.324214	-0.914429	-0.604151	2.145968	-1.000845	0.426717	0.296955	-0.604151	1.187574
IL_2_Pathway_Apoptosis_Inhibition	5.512787	0.979204	-0.800970	2.362884	-1.003842	6.362049	2.955267	-1.098871	-0.535008	-1.342274	-7.761440	-5.629786	3.700706	7.385623	-0.287726	6.803750	-0.428493	1.829789	1.242714	2.216474	-6.767629	-3.750964	-3.936667	-5.540985	-4.947355	0.559559	-4.773241	-2.416043	-6.044156	-22.218964	1.482429	-6.046516	-2.010815	-2.033044	-5.293221	-1.640777
IL_2_Pathway_Protein_Synthesis	0.473328	-0.740755	0.288233	-0.311474	-0.209099	0.480815	-0.022304	0.761896	0.520359	0.464326	-0.236544	-1.468780	-0.153538	0.300384	-0.110554	0.687223	1.080806	-1.345160	0.093293	-0.120783	-0.892754	0.576495	0.269970	-1.636011	-1.534747	-1.992862	-0.249570	-0.190257	-1.039816	-0.138929	-1.352681	-1.491311	-1.270966	1.535870	-2.304532	0.111282
IL_6_Pathway	28.118754	3.600635	4.008460	14.033913	5.688762	21.734092	-5.574806	0.522295	-4.512973	-18.812168	-46.921666	-1.885298	12.961711	21.404398	4.075662	24.747431	6.328972	9.267100	-49.728005	-25.902345	-12.749449	-42.615820	-41.385537	-15.826046	2.371398	-17.671443	-25.155792	6.595591	-2.389294	-3.831860	4.622443	-5.553636	-8.263517	-14.838559	-8.462149	-21.743332
ILK_Pathway	45.369739	-17.694309	4.050884	24.035392	-8.622571	25.826404	-6.108078	-14.076093	-0.975613	-9.048618	-6.332089	-36.425047	32.684923	42.065412	13.572024	44.440936	31.841264	-23.354333	-16.201355	-2.395577	-23.597817	-17.712835	2.382135	-17.973993	-12.764742	-17.630939	-42.758816	3.056464	-22.198506	-31.206462	-22.563845	-1.783201	-2.546275	14.282870	9.478618	6.930932
ILK_Pathway_Apoptosis	-0.715667	0.887864	5.608354	0.778219	-1.195070	-9.782221	-2.383122	1.466612	0.537399	-1.879319	8.476739	-1.799789	3.677423	-4.561574	2.684293	-1.575617	1.380663	1.669987	6.539813	-1.461826	1.822927	0.749191	0.957830	1.442346	-10.554566	-1.550625	2.474186	-8.651770	-8.917163	-11.123353	-11.522069	-9.867549	-7.583793	4.102076	-6.613523	-6.940284
ILK_Pathway_Cell_adhesion_cell_motility.opsonization	3.512863	-1.298017	-0.600904	0.941597	2.496235	0.105794	-0.400615	-0.654919	0.801435	0.480646	-5.329577	-0.054539	2.860630	5.924110	-0.377304	3.970400	3.955706	2.527113	-2.005021	-0.091130	-8.111917	-8.111917	0.907213	-1.117076	-3.248160	-2.130463	0.107932	-3.740627	-0.527752	-4.710763	-8.111917	-4.859034	-5.360155	4.873073	-4.936113	1.981613
ILK_Pathway_Cell_cycle_proliferation	-0.429895	-0.535054	3.045883	1.737498	-1.128424	0.006272	0.376470	2.853642	-3.459524	-3.290800	5.444087	-4.620154	3.563369	1.079713	1.989629	4.706220	2.685147	1.875258	3.382473	-1.304050	1.482900	0.044240	1.363179	1.527170	-0.036548	-2.305028	-1.385870	1.996132	-1.371742	4.138563	-0.760044	0.814800	0.680123	3.178495	-7.900392	0.520410
ILK_Pathway_Cell_Migration.Retraction	6.545232	-2.910712	-0.035956	2.978312	-2.455665	5.089396	-0.893478	-0.029895	0.656920	-0.140372	-2.390932	-6.412850	3.731056	3.788396	1.958185	4.604688	5.009158	-1.796197	0.601348	0.167109	-5.916891	-4.859982	-4.477442	-1.597810	-5.725950	-2.798027	1.350949	-4.950421	-4.591370	-4.852792	-4.446541	-3.021914	-3.711941	1.007850	-1.906913	-1.892468
ILK_Pathway_Cell_Motility	3.639332	-0.688700	1.387988	2.193357	-1.760023	1.993272	0.341198	0.054959	-1.781118	-2.467424	-0.530956	-2.381886	4.272840	4.126070	2.171682	6.526382	4.395892	0.587341	0.013233	0.208778	-4.668742	-4.260512	0.396783	0.146579	-1.176970	-2.278502	-3.691287	0.830115	-1.137477	-0.610555	-0.653590	-0.869182	-1.413647	3.394302	-3.957068	-0.407406
ILK_Pathway_Cytoskeletal_reorganization	0.822313	-0.296991	-1.060703	-0.048049	0.271787	-0.676532	1.995596	-0.288640	-0.823846	-0.568726	-0.724231	1.398021	0.530369	1.153665	0.516156	0.227825	-0.842113	-0.672992	-5.554489	0.099988	-0.825526	0.994897	4.281910	1.466995	0.650353	1.349722	-1.502560	2.181177	2.205473	2.480048	2.270698	0.640422	-1.339275	-1.603462	0.025409	-1.609911
ILK_Pathway_G2_phase_arrest	-0.429895	-0.535054	3.045883	1.737498	-1.128424	0.006272	0.376470	2.853642	-3.459524	-3.290800	5.444087	-4.620154	3.563369	1.079713	1.989629	4.706220	2.685147	1.875258	3.382473	-1.304050	1.482900	0.044240	1.363179	1.527170	-0.036548	-2.305028	-1.385870	1.996132	-1.371742	4.138563	-0.760044	0.814800	0.680123	3.178495	-7.900392	0.520410
ILK_Pathway_Induced_cell_proliferation	11.951685	-5.786678	1.586866	4.368810	-1.002684	7.524860	-1.805900	-3.765795	0.955188	0.485020	-8.608542	-5.902831	9.229704	11.522405	5.913516	11.381944	8.408045	1.771755	-2.986625	-6.070025	-6.501479	1.358806	2.077812	-2.372504	4.143469	-2.960203	-13.499387	-0.653379	-7.846710	-11.928227	-4.347398	-0.806384	0.719731	0.813403	3.841949	5.263129
ILK_Pathway_Regulation_of_intermediate_filaments	-10.625321	2.095890	0.306485	-7.188351	-1.125056	-8.787156	0.088279	2.665611	5.585272	5.585272	6.075250	5.323827	-8.218449	-8.726743	-8.288340	-9.745469	-9.283797	5.585272	0.479554	6.505802	5.585272	-1.154253	-1.557832	0.703042	1.495369	6.208611	5.585272	5.585272	6.718415	8.986426	3.094449	5.585272	5.585272	0.809297	5.585272	0.625164
ILK_Pathway_Regulation_of_junction_assembly_of_desmosomes	-4.357801	0.348943	1.419341	-2.235978	0.923239	-4.688623	2.666847	-1.166851	-1.276488	-1.662809	6.033077	3.997104	-2.053968	-3.639183	-2.541262	-4.266341	-3.392074	-7.331083	-4.411604	2.457938	1.606127	1.547346	-1.765890	4.552546	-0.434722	0.623893	-0.681110	-0.916904	0.295202	3.852086	-4.422915	2.510116	1.485586	-0.509174	4.077436	0.564048
ILK_Pathway_Wound_Healing	4.547271	1.367215	1.134373	2.846048	0.633537	1.431510	0.720408	-3.646585	-2.740403	-3.743752	-2.786763	0.237141	5.572981	7.069140	2.114092	6.472161	3.823009	-1.376201	3.784112	-2.633572	-5.391937	-7.962467	-2.485393	2.045118	-2.543681	1.317516	-7.227861	1.833592	0.633877	1.160475	0.266731	0.946936	1.721395	2.075319	-0.067335	-3.510389
Integrin_Signaling_Pathway	79.074264	-0.930343	-5.246422	34.614953	-16.398432	61.849058	1.598895	-43.796244	-19.920811	-16.254431	-29.048734	-45.541752	54.187914	80.865101	28.602224	84.205983	46.111895	-61.211020	-78.413440	-8.543601	-82.086783	-61.287508	-50.751806	-16.351489	-28.317968	-25.008377	-39.764666	-15.371012	-38.452646	-40.763224	-23.137848	-36.956680	-44.688960	-4.687821	-18.276937	-38.159110
Integrin_Signaling_Pathway_Cell_survival	13.507673	4.055918	-1.066332	5.588680	-0.062339	11.307511	3.835833	-4.426530	-10.571106	-11.700026	-3.414188	-7.055096	9.872063	14.892748	5.230066	11.386420	6.221280	-9.326374	-10.805490	-11.808507	-19.328431	-15.996547	-17.648219	-1.695116	-6.717930	-1.062234	-23.485663	4.548378	-4.880253	-24.391396	-5.028853	-5.109376	-9.870306	5.974153	-13.074343	-20.426336
Integrin_Signaling_Pathway_Cytoskeleton_contraction_integrin_modulation_cell_invasion_and_migration	27.690310	-1.963679	-1.989786	14.542394	-10.088979	22.743887	-2.096289	-19.441642	-2.267644	-4.264128	-5.217573	-17.646870	18.591323	25.335316	8.017043	30.538406	13.850924	-6.274138	-50.657754	8.298366	-31.422052	-22.664648	-1.218775	-5.709668	-1.325333	1.774524	-37.323987	-1.833884	-8.018131	-12.963936	4.744121	-8.254494	-19.898419	15.132811	-9.248808	-24.335427
Integrin_SIgnaling_Pathway_Focal_adhesion_and_stress_fibers	-0.023242	-0.084047	0.849123	0.102899	-0.143646	-0.158331	-0.140750	0.099630	-0.505254	0.899725	0.472732	-1.368839	0.451296	-0.388336	0.084392	-0.078824	0.771004	-0.316479	0.801510	1.423752	0.005927	1.128497	-1.493424	0.335122	1.663635	0.934817	1.477256	-1.173347	0.206850	1.517597	0.098465	0.422637	0.997087	0.394768	1.092123	3.218175
Integrin_Signaling_Pathway_Translocates_to_the_nucleus	0.000000	0.000000	0.000000	0.000000	0.000000	0.000000	0.000000	0.000000	0.000000	0.000000	0.000000	0.000000	0.000000	0.000000	0.000000	0.000000	0.000000	0.000000	0.000000	0.000000	0.000000	0.000000	0.000000	0.000000	0.000000	0.000000	0.000000	0.000000	0.000000	0.000000	0.000000	0.000000	0.000000	0.000000	0.000000	0.000000
Interferon_Pathway	68.866996	-3.888183	-1.005235	36.042005	-6.101820	55.098545	9.290256	-36.323119	0.984485	-7.392339	-99.798808	-15.772784	54.217398	65.981665	24.756888	73.318963	63.465846	0.116553	-78.176625	10.252141	-48.820260	-24.254925	-16.723719	-22.411200	-13.527808	-19.736094	-65.616359	-15.416328	-9.932465	-32.546510	-5.432445	-45.540499	-30.481380	43.756249	23.094784	21.361380
Interferon_Pathway_Gene_Expression	0.653266	0.060961	0.134018	0.477726	-0.073831	0.650104	0.514498	-0.336715	0.797413	-0.223384	-1.037986	-1.616070	0.606116	0.883185	0.192428	0.928672	0.823509	-0.835494	-1.951492	-0.383446	-0.646772	-0.404273	-1.322923	-0.269642	-0.379467	-0.952670	-0.000217	-0.401851	-0.059934	-1.285950	-0.308050	-0.989776	-0.678755	2.003048	-0.263953	1.323847
Interferon_Pathway_Transcription	6.399633	1.439959	-0.350423	8.217932	-4.322478	6.654142	0.637909	-7.510432	5.636135	3.255383	-22.404881	2.347122	12.003336	12.209069	5.397472	12.562253	9.615622	-1.770767	-29.164891	5.929989	-0.471341	0.730182	0.041311	1.246412	1.848564	-5.419722	-20.094825	-4.453792	-1.413792	-2.501106	-4.448905	-14.920789	-12.522102	0.158120	-8.757991	-8.639934
Interferon_Pathway_Translation	10.668593	-1.419965	-1.143186	4.730526	1.827156	8.882529	0.681521	-3.425439	-5.157024	-4.691744	-8.959894	-1.993072	8.172055	10.373249	5.541376	9.728594	12.529057	-3.609726	-6.216306	-7.380443	-3.552617	0.078193	0.398247	-6.115641	-2.572296	-4.138837	-4.764365	-7.426481	-6.317453	1.369784	-2.417220	-5.964303	-5.941255	0.090180	-3.588507	-4.680281
IP3_Pathway	68.263192	-32.548302	9.350792	41.061568	-0.222669	53.353647	7.087800	-24.537770	-9.298632	-32.412404	-22.796401	-57.300822	37.124933	62.628976	26.873677	69.668526	50.228021	-8.427334	42.688567	11.243214	4.486568	21.079663	-48.387374	-76.541168	-38.847751	-53.603139	-48.535086	-29.052599	-28.955072	-2.676067	-12.301016	9.730485	-33.043370	42.164242	-15.097054	-34.325179
IP3_Pathway_Gene_Expression	-0.062395	0.097653	0.094354	-0.314787	-0.204253	-2.090026	-1.460385	1.616345	1.533561	0.393731	-1.040752	1.436953	1.545880	-0.121377	-2.869551	0.661795	0.584426	5.679775	-1.821982	-0.422407	-1.982586	1.090368	4.951519	-1.852865	-5.454075	0.480200	-7.187102	-4.087886	-1.712462	-1.146707	-5.142679	0.176288	0.429461	6.927724	2.055596	-3.852669
JAK_mStat_Pathway	43.028142	11.431774	4.552501	40.216626	-8.459760	38.062299	2.377023	-28.164134	11.942013	-1.881512	-126.121174	13.016202	46.907288	66.170280	20.011110	64.581572	30.697299	-25.793658	-140.970681	-1.977866	-1.207363	-13.028960	-51.383656	-7.670311	3.197578	-17.216147	-98.418102	-8.105504	-17.574024	-12.095879	-18.115481	-60.905284	-52.909721	-8.612060	-34.040070	-58.969455
JAK_mStat_Pathway_Akt_Pathway	5.244696	-0.106251	-0.462563	2.122750	-0.327338	2.636367	1.251797	0.196952	-3.101185	-3.075491	0.523650	-4.903385	2.243570	5.048520	1.592071	4.243115	2.632867	0.906414	-0.337282	-2.877424	-4.359092	-6.516645	-8.206989	-1.599176	-1.329843	-1.527744	-3.001751	2.091845	-0.482436	-4.741576	-1.002553	-1.749497	-2.093792	-0.799904	-0.811404	-4.562455
JAK_mStat_Pathway_JAK_degradation	3.542972	-0.157974	0.358110	2.542505	-1.193337	1.229149	-1.057770	-3.501324	3.004382	2.716907	-6.365793	-1.117828	3.212350	5.159499	0.245418	4.199145	2.247943	-2.544714	-7.961354	-0.236851	-2.328142	1.952054	-2.740383	-2.041850	-0.009309	-1.038493	-0.185820	0.888637	1.318901	-2.666437	-3.625637	0.006741	-0.660966	-2.223232	-3.709251	1.270533
JNK_Pathway	14.004054	13.876534	-2.298997	11.496157	13.418491	11.024424	16.538680	-14.400255	-17.045792	-18.795232	-26.864653	-0.953412	5.186371	21.363824	10.545886	18.016976	6.865209	-67.791960	-48.988581	-5.935032	-8.430407	-24.159454	-18.375873	3.532571	7.198015	2.362889	-61.603268	6.046704	1.673831	-92.287530	-12.579983	-4.101616	1.939350	13.744991	-8.120605	-57.301455
JNK_Pathway_Apoptosis_Inflammation_Tumorogenesis_Cell_Migration	0.964042	-0.247640	-0.142241	0.579444	-0.383226	0.585397	0.146344	-0.606135	0.613459	0.329253	-0.584676	-1.254021	0.670926	0.878841	0.184467	1.180632	1.048876	-1.110357	-0.787509	-0.066291	-0.567514	-1.200892	-0.082684	0.212005	-0.535406	-0.890580	-0.898670	-1.698871	-1.088159	-1.251870	-0.751682	-0.827276	-1.975349	1.994315	-0.442198	-0.024462
JNK_Pathway_Insulin_signaling	3.857643	6.337523	-2.545172	1.973735	3.308059	0.904503	3.536018	-11.229195	-10.803641	-9.894693	3.008104	11.547117	-4.142379	-0.546413	3.060631	-4.878127	-2.285831	-9.997138	-0.281340	-4.514745	-0.183996	-7.210791	-13.248567	-2.301810	2.431474	3.924269	-3.715396	4.174375	6.645088	-2.322159	3.872511	12.121120	12.118336	-7.344406	-24.789778	-14.208513
MAPK_Family_Pathway	132.553437	-10.668486	-18.103776	60.206147	4.086804	124.756102	-15.566167	37.584762	-14.267691	-45.094641	-178.473842	-77.012649	89.959012	137.435270	50.737739	129.354934	67.297797	-14.224088	-106.500392	-128.901222	-118.065610	-100.839271	-94.022270	-14.938885	-4.867986	-104.068946	-169.346230	-12.553340	-61.248414	-128.210345	-12.131618	-104.523426	-76.679216	18.381757	-24.277146	-78.380320
MAPK_Family_Pathway_Chromatin_Remodeling	2.297251	0.767175	-0.115112	1.468003	0.820153	2.181527	0.800892	0.538625	-0.928921	-0.693937	-9.090250	1.954594	0.448250	2.105661	0.771650	2.589919	0.919104	-5.954393	1.130405	-1.610492	-0.236463	0.980572	-8.396517	0.666819	-0.801348	0.860893	-1.869974	0.043949	-0.711407	-0.792777	0.151830	0.871322	0.274766	-0.088985	0.925573	-6.422503
MAPK_Family_Pathway_Cytoskeleton	7.973011	-2.275603	-1.111826	3.666375	-1.800888	5.555888	0.441866	-1.214673	-2.135734	-3.912656	-0.220383	-4.965377	7.625855	8.776224	4.803458	7.661135	7.848678	4.955087	-0.546073	-0.545494	-5.129952	-3.336521	4.672291	-3.341576	1.112524	-2.060147	-3.492067	-5.805578	1.724229	-4.376128	3.376269	-5.355950	-4.152730	0.414667	2.820937	-2.733543
MAPK_Family_Pathway_Gene_Expression	10.797043	3.170741	0.665692	3.809867	-0.010194	9.949133	2.658384	-3.333732	-3.898975	-6.488696	-7.326825	-9.992437	10.100769	10.542572	4.435159	10.460710	2.519900	-18.351665	-17.007585	-12.395472	-3.399057	-31.584135	-7.518502	-0.506666	3.503416	-1.283857	-21.249864	3.706148	-3.556999	-9.573855	1.873917	-8.973802	-6.759284	4.694523	5.809214	-5.379669
MAPK_Family_Pathway_IKBs_Degradation	0.743467	0.210434	-0.208382	-0.313365	-0.465910	0.911306	-0.022321	-3.166959	-0.376136	-0.352408	2.826074	0.214200	1.560014	0.820616	-0.294344	0.968835	-2.541188	-10.180773	-7.905641	-7.381899	4.254511	-9.610201	-1.687310	-0.003993	0.700370	0.443698	-14.018262	-1.473097	-3.343013	-4.234107	1.530808	-3.033657	-2.027271	-0.042107	-0.656409	-4.849015
MAPK_Family_Pathway_Translation	4.610712	0.739553	0.078333	1.943438	3.866583	4.831244	1.886395	-1.182109	-4.656479	-4.486890	-5.120515	-2.510263	3.516478	5.052830	2.384996	3.855190	7.164910	-1.950047	-4.858500	-1.373479	0.631901	2.053485	3.792915	-4.149358	-0.977085	-0.294844	2.704793	-7.255957	-1.616935	2.736922	-0.315085	-1.091491	-0.242475	4.241994	0.395250	1.986075
MAPK_Signaling_Pathway	74.235385	3.069276	5.926082	30.270941	-8.602271	58.290245	1.172456	-41.186516	-8.573144	-31.291220	-62.210470	-21.100765	39.708766	60.283842	15.338748	63.855731	28.581546	-53.116668	-115.217970	-33.770653	-77.783581	-83.832860	-47.029469	-21.346200	-56.676706	-17.514852	-70.095643	-29.565854	-26.269629	-101.157867	-0.981166	-38.660963	-30.631048	-2.162346	-2.710853	0.737472
MAPK_Signaling_Pathway_Cell_Servival_Cell_Militory_Inflammation_Apoptosis_Osmoregulation	6.619078	-3.260496	0.754352	3.508842	-1.776312	6.113427	-1.868129	-0.919108	-0.781571	0.705850	-3.512632	-5.583302	0.974617	4.810366	2.368114	4.704104	3.616727	5.038604	-0.050187	-2.345232	-1.175017	-2.445775	-0.371207	-3.027791	-3.699645	-2.824713	-1.216109	-2.063475	-1.001724	-7.193733	-1.240216	-1.306467	-1.909456	3.547171	-1.692474	-2.615041
MAPK_Signaling_Pathway_Gene_Expression	12.659428	2.211745	-0.003582	9.512612	-2.413643	10.513622	0.036637	-13.001059	-2.930509	-6.708763	-8.621949	-1.254540	9.902321	16.470897	6.467357	14.415894	8.724964	-5.289357	-29.783692	-4.793985	-5.514162	-10.488585	-8.161504	-1.150777	-7.208785	-5.937658	-21.153298	-8.152479	-4.879223	-4.874277	-2.462841	-4.321336	-5.362001	-5.016479	-6.822743	-0.002825
Mismatch_Repair_Pathway	15.665971	-30.819347	0.106906	-7.693991	-15.205587	-28.329537	-2.391040	-6.908428	22.484351	21.405794	18.585699	13.099207	-5.582284	2.352701	-26.575276	1.961608	13.773976	-47.482624	21.632680	-26.198583	10.151096	-78.438162	7.079168	-24.162149	-13.712862	30.404129	16.936155	2.634126	18.976303	-61.753271	17.163276	51.869194	-18.759758	50.932269	14.316549	83.998731
Mitochondrial_Apopotosis_m_Pathway	22.002937	-2.487350	8.801303	12.517852	4.253035	17.921059	-1.342421	7.522183	-4.519896	3.676589	-42.392135	-25.953156	2.603148	21.906516	9.212097	24.837450	8.995101	-45.203210	-57.495663	-21.246734	-56.394258	-45.017962	-32.507766	5.892845	-14.961027	3.883776	10.544320	0.885379	-10.536594	-38.240707	-5.159639	-30.798025	-21.973115	-5.181773	5.784127	-21.251438
Mitochondrial_Apopotosis_m_Pathway_Apoptosis	10.491863	-0.104147	2.370141	5.326202	4.433566	7.693978	-4.129153	7.449680	5.091972	10.435330	-29.571812	-19.487620	1.083911	12.141306	3.029043	12.771690	4.463200	-17.837475	-26.498272	-18.734575	-21.188025	-29.632275	-14.321707	7.750527	-2.567295	-3.568661	20.683151	-5.001171	-13.640996	-28.342587	-11.278309	-23.976960	-25.302244	-4.423806	3.624670	-7.590005
Mitochondrial_Apopotosis_m_Pathway_Depolarization	-2.351702	0.613790	0.459288	-1.253115	0.237141	-1.515979	-0.073793	0.689765	1.363236	1.124243	0.646109	0.061015	-1.218688	-2.001549	-0.604486	-1.534673	-2.023338	-0.363681	-0.193271	1.939647	-0.742106	1.506184	-0.185845	-0.249459	1.320606	0.602243	1.466939	1.387871	1.100287	2.860177	0.956474	0.488615	2.860177	-1.719639	0.534722	-1.411602
Mitochondrial_Apopotosis_m_Pathway_DNA_fragmentation	-5.479245	2.216406	1.562216	-3.449622	-0.348858	-4.187501	0.764767	3.266662	4.036113	2.933155	-0.913823	-0.400271	-2.925685	-5.471375	-2.484215	-5.843433	-3.023575	6.186323	5.296382	0.060333	5.179230	-0.261031	0.440922	1.274452	3.876966	5.057356	6.186323	4.534560	2.787235	-2.852371	0.952517	4.307543	4.744409	1.134687	2.072750	4.946296
Mitochondrial_Apopotosis_m_Pathway_Gene_expression	6.042528	-1.990526	0.122520	2.340312	-1.104155	4.193361	-0.332761	0.557401	-3.384931	-3.178809	-1.476312	-1.788628	2.923183	4.559985	0.706002	4.424460	4.946337	-0.858703	5.497843	-2.564016	-0.421263	-3.526425	1.137602	-1.200033	-4.406454	-1.209610	-0.375437	-3.104034	-2.920899	-3.722784	-2.444811	-0.261533	-7.891151	4.333809	-1.881562	4.517104
mTOR_Pathway	62.638586	-2.755946	-11.831520	28.045647	10.318927	51.930934	2.816519	-11.715134	-30.543642	-31.918437	-48.778203	-18.207731	39.017196	58.525338	26.344233	55.537712	64.789231	-11.327735	-24.391792	-25.595397	-10.469660	5.106381	8.589662	-27.779061	-11.931286	-15.009436	1.786849	-31.461348	-17.438222	-0.513319	-13.035897	-3.770410	-13.040410	27.010988	-8.546526	12.412554
mTOR_Pathway_Actin_organization	5.970230	-0.696091	-0.651402	1.831170	-1.056170	3.594672	0.294784	-0.537730	-1.020016	-1.102093	-4.615011	-2.012344	2.943785	5.149307	2.292387	4.157569	3.954594	-1.177950	-5.510190	-0.928856	-4.490406	-5.252531	2.345532	-0.295578	-2.062400	-1.097623	0.375744	-1.345494	-2.281379	-3.070442	-0.873456	-1.794873	-2.367228	2.565801	-2.028782	-0.631689
mTOR_Pathway_Akt_signaling	7.959046	0.078620	-0.256038	3.143378	-0.697769	3.775638	1.254922	-0.853007	-3.937234	-2.940143	-2.663839	-4.863576	3.278727	5.599265	2.925051	5.565970	4.573954	2.941308	-2.718335	-4.143425	-4.502314	-12.148948	-9.514229	0.155601	-1.410863	-1.689982	1.847168	1.152318	1.250835	-4.571304	-0.590146	-0.151286	-2.858237	-1.091640	-0.576326	-7.644706
mTOR_Pathway_Scanning	21.168902	-0.885173	-4.452817	10.219775	5.848221	18.334336	1.437276	-6.294078	-12.593807	-11.712718	-16.368709	-4.701208	15.849475	20.785690	10.174589	18.607612	24.379412	-1.295331	-5.402983	-7.718322	0.861693	8.950184	8.748555	-10.110719	-1.777036	-2.928327	2.707922	-12.940168	-4.392205	6.431559	-3.403458	-1.496955	-1.856482	10.966835	-1.227947	5.904222
mTOR_Pathway_Translation_on	4.205792	0.272035	0.903696	1.415047	3.348971	3.471552	1.795471	1.758607	-2.032009	-4.683562	-7.394872	-3.060726	2.449760	3.725981	2.717649	3.716195	7.355044	1.569070	-3.352833	-4.413871	-0.686814	1.237151	3.916578	-4.529604	-2.359430	-1.747708	2.064654	-4.215995	-1.536920	2.523852	-1.493156	-0.924912	-1.497085	3.124729	0.376025	2.818182
mTOR_Pathway_VEGF_pathway	4.541412	1.764924	-3.797011	1.122944	-2.276530	3.538405	-2.278063	-0.714105	-1.087796	-1.137161	2.113812	-1.790832	2.967932	2.034298	-0.822772	2.356955	0.399846	-3.675841	-1.698124	-0.961383	-5.671376	1.551023	-6.102472	-2.323962	0.656556	-4.536108	-7.688953	3.005409	-3.519264	-10.656762	5.302104	-0.383568	0.936250	3.257510	-1.519703	0.151372
NGF_m_Pathway	30.757573	-2.572976	-6.258474	16.362944	0.167322	24.777439	2.522726	-9.471384	-16.579161	-22.254150	-9.984726	-7.467132	19.958367	25.254766	11.842683	23.900219	19.452201	-19.423194	-3.224917	-8.911286	-9.058892	-25.483582	-11.238950	-6.148777	-20.533967	1.782922	-29.443327	-0.916943	-1.457603	-22.063344	-1.540764	4.274247	-12.353411	17.069931	-5.946373	-5.367828
NGF_m_Pathway_Apoptosis	10.891580	-1.273896	-1.880996	6.149730	-0.683919	9.076709	0.197577	-1.096060	-3.990026	-6.717700	-5.958513	-4.714485	6.282191	8.477874	4.194184	8.919940	7.251900	-5.812318	0.453942	-2.762716	-3.324265	-6.466553	-4.922805	-5.171199	-7.875778	-0.433724	-8.168445	-1.403257	0.131893	-4.152611	-0.336611	0.558205	-2.654752	3.354338	0.622866	3.108595
NGF_p_Pathway	52.025140	10.794193	-1.631008	27.202052	6.392504	41.783562	7.992214	-21.114456	-26.504692	-34.881969	-51.257274	-10.800266	34.795675	45.736135	21.289199	41.744330	27.393389	-41.275262	-9.894372	-17.232215	-40.469902	-60.982878	-33.414241	-1.168420	-9.858713	4.229209	-38.600783	4.834099	-0.542785	-48.199487	-1.022534	-5.294518	-17.922708	22.698777	-5.001575	-20.425024
Notch_Pathway	3.179559	2.214708	-0.262200	-1.391466	0.733162	3.077735	-1.445125	-11.732932	3.473378	5.471741	-5.529278	2.210719	-0.979498	4.722083	1.950914	2.447530	-3.697148	-7.441526	-10.418282	2.391255	-12.111027	0.023093	-11.716082	-2.487877	-2.930472	1.053781	-20.056696	1.686129	-5.817344	-38.506610	5.709967	-8.580849	-6.717510	-4.073569	-3.391785	-8.306311
p38_m_Signaling_Pathway	215.158845	-5.420408	69.259409	66.987695	48.425380	193.621726	26.220615	-47.529045	-59.007474	-48.482094	-338.241526	-120.993122	145.213502	196.327334	38.553307	160.796795	77.990048	-255.908883	-106.031570	-35.656453	-271.741699	-214.320975	-298.318433	-4.574033	-221.649364	-125.201666	-222.315301	-151.996515	-41.810346	-395.891012	3.499143	-188.973862	-82.297452	-30.330671	12.719565	96.957581
p38_p_Signaling_Pathway	78.319109	27.605406	18.948324	36.269856	17.898553	59.720892	7.014417	-27.502120	-15.301270	-30.194411	-111.960034	-60.818719	45.237724	89.091252	46.111226	72.719231	47.944105	-135.848734	-225.509716	-21.194535	-126.793092	-178.739606	-110.771213	-7.225243	-63.581245	-23.575790	3.241118	20.296767	-19.886016	-140.102187	15.239901	-61.069755	-36.334033	-30.510700	20.531301	-39.141265
p53_Signaling_m_Pathway	0.000000	0.000000	0.000000	0.000000	0.000000	0.000000	0.000000	0.000000	0.000000	0.000000	0.000000	0.000000	0.000000	0.000000	0.000000	0.000000	0.000000	0.000000	0.000000	0.000000	0.000000	0.000000	0.000000	0.000000	0.000000	0.000000	0.000000	0.000000	0.000000	0.000000	0.000000	0.000000	0.000000	0.000000	0.000000	0.000000
p53_Signaling_m_Pathway_p53_Degradation	4.371854	-1.221666	-0.585463	2.847104	-0.574435	4.492342	-0.804816	0.837532	-2.293276	-2.807318	-2.333595	-1.928264	3.989155	5.750815	2.486458	5.093387	4.246631	-3.266261	-7.410767	-3.975016	-0.932664	-1.835285	1.627000	-1.816331	-1.547512	-2.977181	-1.433144	-3.051727	2.060008	-2.518689	-0.584228	-2.707552	0.070234	3.000859	4.474572	-4.066170
PAK_Pathway	48.718084	17.726018	-5.760097	32.231974	10.708694	38.547500	-13.180703	-44.971638	21.420688	-23.753822	-61.308196	-20.378503	40.139674	70.292951	28.164166	59.676926	43.929866	-59.691361	21.236531	-8.418169	-33.670538	-91.712561	-81.131167	-35.579777	-74.559926	-57.702376	-80.755026	1.826799	-60.528566	-107.384583	-75.765320	-41.183010	-57.453801	24.353082	-27.010675	-29.063903
PAK_Pathway_Actin_Cytoskeleton	-5.932301	11.819239	14.508188	15.814691	14.071160	1.909928	5.844231	11.287344	4.840038	-2.849989	-67.483763	-3.828766	5.215528	4.147282	5.914873	-2.804024	-0.419758	-37.683484	1.083803	15.830741	-14.504593	-24.379620	-40.622796	-16.225069	5.323165	-9.073837	-49.865430	7.841260	-12.593517	-32.540699	-14.769265	-9.874282	-5.800281	22.888036	26.958072	43.323155
PAK_Pathway_Myosin_Activation	49.718887	14.909206	-18.925934	18.958390	3.715458	37.301514	-18.116106	-57.946066	24.602454	-19.274883	-21.734193	-13.208725	31.267056	65.939908	23.063430	63.609250	46.943861	-15.238145	9.548773	-11.985278	-28.505555	-72.181363	-55.540677	-23.133930	-77.958771	-53.184893	-51.568043	-1.148432	-49.881628	-80.890941	-64.406210	-36.897473	-61.210526	12.231852	-40.802013	-50.652691
PPAR_Pathway	10.446275	-3.248894	2.131644	4.660094	1.546944	11.150177	3.821096	-11.240291	-0.961058	-0.756871	-9.216678	-8.332436	-2.718226	8.091179	0.450892	3.192233	-0.278707	-17.470366	2.922484	-4.232030	-5.864431	-16.370367	-17.648040	-5.904974	-7.434374	-12.334483	4.399599	-0.325430	-2.314425	-10.486510	3.333222	-1.435847	-8.675157	-2.685622	-4.768967	2.962457
PTEN_Pathway	-4.061548	5.641627	8.418131	5.133162	6.147423	10.542380	-3.593274	14.918162	0.171862	-7.035098	-3.662843	-32.619984	0.684663	5.592173	-2.253423	-4.998376	0.596240	-47.011242	-23.501214	-26.398082	-25.539074	-50.723051	-28.117542	-18.859338	-18.055762	-42.953921	-18.827382	-36.955569	-34.814705	-36.475713	-43.681529	-30.113289	-30.465122	13.582774	-14.755364	-8.055833
RANK_Signaling_in_Osteoclast_Pathway	8.375214	-3.698086	7.280018	0.106940	4.615141	4.307324	1.817016	-1.733671	5.573086	-0.344536	-13.935443	-12.363003	4.767638	2.405775	-1.492182	11.987159	13.239516	-14.553144	-1.887246	-4.522083	0.360850	-10.818389	5.640567	-3.979478	-16.880492	-16.170340	-11.613867	-6.714581	-1.978504	-10.251914	-10.055297	-6.484990	-11.520539	13.486301	4.450081	11.576260
RANK_Signaling_in_Osteoclast_Pathway_IKBs_Degradation	5.559019	5.146213	3.548106	1.302002	2.526555	3.960061	1.620693	1.119077	-3.450605	-3.654666	-9.520052	-8.156403	2.274100	4.848664	-1.664034	4.927932	3.004505	-15.438991	-9.209407	-5.051219	-12.970105	-9.273541	-9.466803	-0.459976	-12.476406	-5.534718	-5.787937	-13.015755	-4.144465	-13.273388	-5.227718	-4.006229	-3.168811	4.447793	1.623500	8.096698
RAS_Pathway	105.744773	-17.217856	-9.229681	44.847476	-22.996358	74.664676	-4.108693	-78.391552	11.277294	1.881755	-67.979255	-38.492579	74.516669	107.019800	36.942125	114.553726	55.364416	-86.352608	-85.525002	-73.239801	-100.304109	-89.259916	-73.425386	-21.693303	-27.027057	-72.876692	-117.903479	-24.565091	-38.706262	-98.188679	-24.553092	-67.412248	-74.851955	43.380460	-51.828913	-73.151443
RNA_Polymerase_II_Complex_Pathway	15.544617	5.569799	-3.885172	12.231821	8.692037	1.999893	-0.794616	-7.820511	-6.616351	-10.878174	-31.038335	16.994992	16.028761	15.770540	10.802381	16.576942	-2.930161	-30.766713	-23.425244	-10.682296	-40.230628	-41.536926	-46.492028	-8.543621	-43.421479	-10.999858	-21.021572	-56.477678	-11.064417	-3.765543	9.706825	-26.023832	-41.528528	18.206283	-19.753528	10.658354
SMAD_m_Pathway	268.279321	-75.518234	-95.676128	100.065840	-101.717650	245.338416	-53.954412	30.798042	-3.246820	29.553892	-135.971310	-207.950958	149.933116	204.559786	-0.264272	194.231980	145.691582	32.976642	238.060278	-33.472860	-10.440365	17.438394	30.295033	-85.013763	32.626682	-117.450977	-44.929049	-253.602552	-130.738055	-579.618869	-187.900947	-38.079678	-50.002491	95.029810	-115.182075	86.390137
SMAD_m_Pathway_Degradation	21.756436	-7.771366	-3.567177	10.193461	-4.488857	20.692867	-3.945502	5.814968	-6.867156	-7.194943	-13.891366	-10.731365	14.425240	20.567602	5.301756	22.030162	15.822256	-5.870542	-7.641039	-11.358109	-14.779339	-7.291790	4.474577	-8.680871	-4.702515	-9.204888	-3.504966	-21.391789	-4.313628	-34.552298	-7.415636	-15.973509	-3.730408	15.531430	2.683894	6.165709
SMAD_p_Pathway	288.917575	-92.486146	-105.121278	107.407315	-112.782331	260.270595	-71.353472	35.955441	-20.498394	34.304463	-133.684822	-190.928945	167.871664	220.921011	3.344149	210.808507	159.388419	72.258937	261.616094	-22.170857	30.129458	29.623539	56.842691	-95.963391	38.269408	-113.585896	-54.388426	-262.980393	-140.616603	-631.536881	-190.438112	-31.610491	-75.387066	132.280547	-112.237351	83.158961
SMAD_p_Pathway_Degradation	21.756436	-7.771366	-3.567177	10.193461	-4.488857	20.692867	-3.945502	5.814968	-6.867156	-7.194943	-13.891366	-10.731365	14.425240	20.567602	5.301756	22.030162	15.822256	-5.870542	-7.641039	-11.358109	-14.779339	-7.291790	4.474577	-8.680871	-4.702515	-9.204888	-3.504966	-21.391789	-4.313628	-34.552298	-7.415636	-15.973509	-3.730408	15.531430	2.683894	6.165709
STAT3_Pathway	34.386690	4.783381	-6.107571	10.796385	1.545605	29.216055	1.297071	-2.503241	-7.232232	-7.679322	-49.122700	-9.380120	27.512551	23.367898	4.898842	25.704621	4.055654	-8.415222	-33.565956	-44.082063	-47.490915	-35.122177	-55.863507	-7.006324	-20.743610	-27.280323	-33.642865	-0.161769	-33.451185	-21.951881	1.125516	-25.582340	-30.007853	6.414213	-12.161573	-39.811248
TGF_beta_Pathway	37.732654	-1.865391	-14.325109	10.689932	-9.315492	35.103960	-2.553318	20.272445	-8.989880	-10.286769	-12.179260	-44.283772	23.415248	38.601040	7.325039	30.031558	10.863389	-16.210115	-38.394592	-22.061392	-43.995072	-71.080501	-44.886394	-3.723612	-29.077427	-18.864702	-4.884158	5.604505	-15.517961	-59.476950	-19.191659	-28.084193	-29.781958	-9.618101	-11.092887	-25.451108
TGF_beta_Pathway_Epithelial_mesenchymal_transdifferentiation	4.423310	0.208739	-0.819169	2.012372	-1.121192	1.684121	0.975939	-1.661983	-2.799909	-2.724964	1.202447	-1.379711	1.499601	3.317440	1.141230	3.534708	2.173079	-1.697202	1.091892	-3.875790	-5.043963	-8.877889	-11.102764	-0.511453	-2.423975	-0.659047	-1.130800	2.315035	0.228983	-5.426447	-1.687424	-0.303249	-3.129976	-1.484775	-2.233827	-9.128751
TGF_beta_Pathway_Post_transcriptional_G1_arrest	3.204262	-1.061776	-1.121670	2.391373	-0.728326	1.335544	-1.123961	-1.701414	-1.893349	-1.029791	2.070073	-0.340965	1.845975	4.078118	1.141130	2.469731	1.636694	-11.556007	-4.057409	1.676354	-0.665146	-0.172046	-5.978370	-2.713924	0.073073	-0.753551	-7.726030	-2.045777	-0.252049	-1.155215	-2.002214	-1.532680	0.773856	-4.403782	-3.260124	-5.199445
TGF_beta_Pathway_SnON_degradation	7.463651	-1.926974	-6.695071	1.171511	-5.253350	8.843892	-0.688000	5.713427	-1.881418	0.934319	4.263340	-11.945327	6.181994	8.195622	0.673912	6.388610	2.327772	1.373069	0.491615	-4.724275	-2.900644	-10.009283	0.005459	-0.783649	-0.716324	-4.759426	1.205405	-0.565203	-3.342604	-19.281884	-6.943866	-9.774975	-11.495180	2.459877	-0.398495	0.810445
TNF_m_Pathway	16.652177	0.705444	3.065458	6.792394	4.527793	9.601103	0.469820	1.629827	0.939224	1.655701	-26.258664	-19.780275	3.170603	14.251467	3.603730	15.786018	7.836132	-23.395259	-24.113085	-18.008654	-19.267631	-21.894885	-33.897186	0.708933	-2.906546	2.749518	15.801677	-6.771576	-15.482943	-24.482161	-10.288653	-23.913348	-19.842371	-8.632346	-3.036034	-13.653061
TNF_m_Pathway_Apoptosis	14.959324	-0.619238	0.490755	5.758020	2.526549	9.682975	-1.882524	0.936841	1.964020	3.563693	-20.410414	-16.970003	3.199355	13.604978	3.915866	11.445822	7.235512	-16.385970	-17.181335	-13.603921	-17.114180	-16.032345	-20.197853	-1.394216	-2.950872	0.822177	15.340795	-5.869374	-10.020741	-16.251283	-8.976648	-19.392483	-18.080137	-1.332051	-0.800213	-6.182436
TNF_p_Pathway	16.968849	-0.761306	0.215823	8.671432	-7.396988	14.495153	-3.232541	-17.799102	-0.130539	-1.669407	7.452328	-16.813702	13.508707	14.303474	2.085972	16.477019	5.133290	-11.010849	-39.344156	5.358418	-6.096829	-9.319095	-0.635543	-1.691075	0.001689	9.870219	-39.886196	-3.053676	-5.199430	-22.164270	8.353635	-3.856333	-17.596621	10.272511	-9.277963	-25.005692
TNF_p_Pathway_Gene_expression_Cell_Survival	7.487359	-0.622532	0.569081	5.333272	-5.203947	8.001407	-1.822674	-10.167849	-0.145993	-0.284537	9.376706	-12.520293	8.881139	6.797220	0.575152	9.964047	1.514995	-3.373992	-20.650457	3.623272	-0.347118	-4.376027	3.528115	-0.633773	1.898679	6.028073	-27.080954	-3.889437	-2.553016	-12.638313	8.025599	-1.415024	-10.332412	7.387896	-8.614495	-16.009356
TNF_p_Pathway_IKBs_degradation	-2.544971	1.243943	0.629679	0.314355	0.125795	-1.032615	0.355925	-2.970794	-0.292990	0.019642	3.943152	0.208879	1.199114	-2.746810	-1.917250	-3.350184	-2.768313	-3.013147	-1.023601	-1.042746	3.892905	-0.722996	-4.947619	1.068802	1.558739	1.301389	-2.492995	-4.099670	-1.252774	-4.981681	1.574314	-1.262371	-1.232801	-1.717445	-2.433526	-4.162416
TRAF_m_Pathway	27.892494	30.773174	21.945923	48.096761	22.805487	17.985690	25.281401	-61.744462	-48.197543	-52.149266	-2.911405	-29.778254	61.347812	41.177336	33.791823	45.273199	-8.022391	-103.101545	-115.740159	-6.424066	-15.138633	-68.015979	-34.381406	10.338329	16.852689	43.916316	-209.881678	13.764079	-11.255138	-204.195434	-0.330926	-25.100360	-47.125628	36.080963	-50.690336	-226.878306
TRAF_m_Pathway_IKBs_Degradation	5.390014	-1.514824	-0.060460	2.712307	0.541845	2.197284	-0.555282	-6.898419	-0.076486	2.596400	-3.172952	-1.159427	4.386170	1.300493	0.857841	3.600133	3.252868	3.747084	-4.478435	-0.031184	-6.479144	-2.195337	-5.702592	-1.201708	0.486576	-4.608683	-6.909900	-1.904790	-1.015421	-5.486873	0.136038	0.438298	-2.982879	-0.551063	-0.770654	-5.239387
TRAF_p_Pathway	22.870606	27.484184	20.803414	43.593650	18.170783	19.276953	19.861443	-52.425524	-41.513407	-50.641177	-2.369753	-25.111171	52.763803	33.624942	28.581910	37.667654	-11.579932	-105.118684	-99.931443	-12.088319	-9.990216	-72.409847	-30.095183	7.556575	16.175672	34.422925	-187.216571	5.045661	-16.761267	-182.336221	-6.742743	-22.614149	-47.928488	38.143656	-55.719122	-206.348392
TRAF_p_Pathway_IKBs_Degradation	5.390014	-1.514824	-0.060460	2.712307	0.541845	2.197284	-0.555282	-6.898419	-0.076486	2.596400	-3.172952	-1.159427	4.386170	1.300493	0.857841	3.600133	3.252868	3.747084	-4.478435	-0.031184	-6.479144	-2.195337	-5.702592	-1.201708	0.486576	-4.608683	-6.909900	-1.904790	-1.015421	-5.486873	0.136038	0.438298	-2.982879	-0.551063	-0.770654	-5.239387
Transcription_of_mRNA_Pathway	497.902791	17.967224	1.841922	201.848533	-9.727208	340.906437	-80.347128	-180.306675	-163.962448	-285.019631	-195.907660	-145.196158	311.873436	563.130466	154.236462	529.550365	303.702251	-515.724235	-412.645860	-228.128151	-583.554121	-526.799122	-309.357134	-350.247759	124.266558	-229.042537	-632.030704	-92.490058	-288.684042	-941.205475	-122.995555	-236.793604	-322.078908	12.431288	-221.620724	245.165528
Ubiquitin_Proteasome_Pathway	1577.412799	-366.447776	-176.552493	947.299284	-277.660010	1389.157673	-321.369555	-723.189690	-680.145693	-830.492891	225.835501	-763.847150	1219.079130	1597.035010	595.820594	1708.789024	1166.781572	-1453.247120	-703.554278	-998.177130	-679.237729	-1584.584999	-1904.189366	-430.471147	-464.038007	-1008.607132	-226.868995	-919.438672	-901.387413	-1708.925284	-426.055732	-1665.024987	-665.698927	-1159.297800	-1353.420081	-1673.981733
Ubiquitin_Proteasome_Pathway_Degraded_Protein	3.772668	-0.642199	-0.709657	2.563120	-0.409118	3.499862	-0.667524	-1.973268	-1.924485	-2.881717	0.130979	-0.758660	3.065814	3.777600	1.915518	5.270736	3.166744	-2.698906	-1.193277	-1.759734	-1.141041	-3.263657	-4.617651	-1.508015	5.285777	-1.821715	1.020430	-0.871063	-1.392140	-4.617651	-0.739061	-4.617651	-0.534213	-4.617651	-4.617651	-4.617651
VEGF_Pathway	10.556162	9.934902	11.167940	8.483223	1.397317	20.223784	2.075299	0.000892	-3.443330	-11.651695	-29.145984	-19.598509	10.984410	19.339699	9.187257	13.768003	10.959394	-38.044703	-11.437453	-22.588599	-39.719584	-37.141387	-20.166589	-25.627098	-13.579056	-17.411844	-21.098618	-22.344826	-18.620033	-38.331554	-10.067450	-45.049813	-31.003080	-3.733357	0.262559	-30.329758
VEGF_Pathway_Actin_Reorganization	-4.465802	-1.390797	2.893406	1.773410	1.607446	-0.001178	-0.321009	6.580005	0.115425	-3.715858	5.858740	-8.933787	2.720445	0.411073	0.949487	-4.967887	-0.594083	-6.169792	14.713722	2.422125	0.890945	-18.125733	3.252041	-12.226109	-0.683671	2.301864	5.666944	-13.567409	-4.424235	-9.937087	-2.905622	-7.852450	-3.286850	-0.647124	5.547015	-2.573165
VEGF_Pathway_Nitric_Oxide_Prodaction	2.310828	0.851685	0.563760	0.749575	-0.056797	1.618864	-0.195865	-0.494487	-1.766415	-1.697783	-1.981682	0.098316	1.983804	2.309525	0.937231	1.870952	1.802712	-0.821069	-0.932995	-1.368841	-1.669534	1.615746	-0.904575	-0.728998	-2.238299	-0.395921	-3.939281	-1.237049	-1.202780	-2.163898	-1.812782	-1.577429	-2.162885	-1.915288	-0.998941	-1.663475
Wnt_Pathway	69.981429	-7.583840	-12.765868	37.861445	-6.849953	58.083393	-0.552449	-6.750771	-36.448786	-50.840133	-27.646444	-16.488022	58.984293	75.049842	30.450669	64.488592	48.814588	-32.261677	-19.421361	-37.397453	-34.722986	-50.454175	-37.655291	-3.364502	-14.418861	-1.050090	4.213240	-10.264834	-11.815632	-78.478965	-14.583254	-43.744729	-13.504472	-2.206654	-25.336502	-73.344946
Wnt_Pathway_Ctnn.b_Degradation	8.245775	-2.107667	-0.635037	5.034661	-0.838880	8.173494	-1.635555	-0.266537	-4.558578	-5.515809	-2.503114	-3.392753	6.811733	8.720255	4.143325	8.933358	7.082468	-5.332999	-3.827370	-4.393827	-3.775134	-5.897750	-4.265650	-4.142107	-4.142663	-3.209128	1.172813	-3.505156	1.032632	-7.251743	-0.882331	-7.251743	-0.416543	-1.419933	-0.324866	-7.251743
X0_IL_6_Pathway_IKBs_Degradation	0.000000	0.000000	0.000000	0.000000	0.000000	0.000000	0.000000	0.000000	0.000000	0.000000	0.000000	0.000000	0.000000	0.000000	0.000000	0.000000	0.000000	0.000000	0.000000	0.000000	0.000000	0.000000	0.000000	0.000000	0.000000	0.000000	0.000000	0.000000	0.000000	0.000000	0.000000	0.000000	0.000000	0.000000	0.000000	0.000000
